0.48
0.65
0.69
0.87
0.90
0.73
0.90
0.78
0.91
0.58
0.79
0.40
0.75
0.74
0.85
0.83
0.54
0.86
0.57
0.92
0.46
0.51
0.69
0.63
0.62
0.64
0.83
0.66
0.70
0.41
0.67
0.84
0.41
0.71
0.66
0.91
0.99
0.40
0.76
0.64
0.82
0.52
0.95
0.44
0.90
0.90
0.83
0.77
0.49
0.67
0.82
0.63
0.85
0.86
0.72
0.91
1.00
0.89
0.80
0.40
0.91
0.93
0.69
0.54
0.68
0.42
0.90
0.96
0.44
0.82
0.83
0.43
0.43
0.60
0.60
0.53
0.77
0.60
0.83
0.92
0.65
0.49
0.48
0.78
0.57
0.73
0.74
0.86
0.72
0.66
0.50
0.49
0.60
0.57
0.65
0.92
0.68
0.84
0.72
0.48
0.49
0.82
0.90
0.67
0.91
0.47
0.58
0.62
0.55
0.60
0.83
0.54
0.57
0.59
0.78
0.84
0.98
0.64
0.52
0.63
1.00
0.93
0.54
0.59
0.79
0.98
1.00
0.88
0.88
0.99
0.80
0.40
0.77
0.46
0.91
0.65
0.46
0.50
0.80
0.59
0.90
0.77
0.82
0.72
0.75
0.46
0.66
0.59
0.92
0.87
0.53
0.81
0.54
0.83
0.80
0.84
0.91
0.72
0.54
0.96
0.80
0.62
0.76
0.41
0.46
0.92
0.40
0.77
0.41
0.58
0.87
0.41
0.72
0.98
0.93
0.77
0.41
0.68
0.84
0.79
0.92
0.86
1.00
0.87
0.90
0.47
0.52
0.98
0.88
0.44
0.93
0.60
0.63
0.54
0.92
0.97
0.73
0.51
0.71
0.43
1.00
0.42
0.88
0.55
0.84
0.84
0.89
0.84
0.44
0.50
0.77
0.48
0.84
0.62
0.82
0.59
0.45
0.41
0.64
0.40
0.96
0.43
0.94
0.99
0.93
0.51
0.88
0.55
0.81
0.70
0.88
0.98
0.51
0.58
0.72
0.86
0.85
0.98
0.49
1.00
0.55
0.93
0.79
1.00
0.52
0.45
0.72
0.88
0.87
0.78
0.62
0.65
0.97
0.51
0.78
0.50
0.46
0.45
0.64
0.88
0.57
0.61
0.61
0.93
0.78
0.86
0.45
0.69
0.53
0.46
0.94
0.78
0.96
0.90
0.57
0.72
0.44
0.64
0.99
0.43
0.49
0.62
0.91
0.58
0.62
0.93
0.81
0.40
0.47
0.74
0.54
0.74
0.75
0.69
0.86
0.49
0.42
0.79
0.82
0.78
0.87
0.88
0.60
0.68
0.51
0.85
0.60
0.63
0.61
0.93
0.76
0.55
0.58
0.53
0.85
0.74
0.49
0.80
0.61
0.89
0.68
0.52
0.65
0.66
0.95
0.82
0.53
0.66
0.63
0.58
0.93
0.63
0.50
0.85
0.97
0.90
0.48
0.67
0.53
0.64
0.47
0.76
0.48
0.83
0.77
0.41
0.94
0.73
0.97
0.62
0.73
0.88
0.65
0.67
0.53
0.72
0.59
0.52
0.88
0.51
0.79
0.86
0.51
0.48
0.54
0.57
0.96
0.92
0.48
0.89
0.97
0.63
0.75
0.94
0.47
0.73
0.84
0.97
0.44
0.98
0.72
0.88
0.59
0.71
0.69
0.46
0.91
0.55
0.76
0.82
0.75
0.95
0.74
0.86
0.65
0.47
0.90
0.44
0.78
0.85
0.91
0.40
0.90
0.58
0.86
0.42
0.87
0.52
0.81
0.89
0.84
0.76
0.86
0.52
0.63
0.57
0.76
0.79
0.65
0.42
0.97
0.66
0.62
0.69
0.66
0.43
0.75
0.62
0.66
0.45
0.87
0.67
0.89
0.80
0.97
0.42
0.76
0.75
0.93
0.78
0.81
0.52
0.75
0.75
0.87
0.55
0.50
0.66
0.97
0.54
0.46
0.49
0.46
0.76
0.68
0.85
0.71
0.40
0.63
0.50
0.70
0.66
0.97
0.45
0.99
0.40
0.63
0.61
0.84
0.47
0.72
0.48
1.00
0.59
0.95
0.82
0.64
0.74
0.84
0.46
0.71
0.98
0.93
0.65
0.77
0.68
0.40
1.00
0.70
0.42
0.82
0.68
0.71
0.52
0.97
0.75
0.57
0.78
0.54
0.67
0.69
0.65
0.87
0.52
1.00
0.62
0.63
0.51
0.83
0.70
0.89
0.66
0.46
0.40
0.49
0.99
0.87
0.60
0.51
0.52
0.87
0.71
0.59
0.75
0.82
0.99
0.66
0.50
0.77
0.99
0.79
0.45
0.82
0.72
0.78
0.69
0.90
0.91
0.41
0.42
0.63
0.51
0.74
0.63
0.74
0.68
0.91
0.68
0.50
0.49
0.90
0.41
0.96
0.99
0.68
0.53
0.71
0.78
0.91
0.42
0.55
0.79
0.80
0.91
0.74
0.45
0.86
0.76
0.93
0.73
0.55
0.92
0.90
0.63
0.87
0.85
1.00
0.58
0.42
0.57
0.79
0.98
0.61
0.58
0.82
0.79
0.48
0.51
0.96
0.69
0.94
0.65
0.49
0.87
0.41
0.51
0.70
0.62
0.42
0.85
0.78
0.99
0.67
0.64
0.78
0.80
0.74
0.46
0.45
0.40
0.57
0.72
0.63
0.43
0.92
1.00
0.83
0.55
0.53
0.99
0.54
0.96
0.50
0.42
0.70
0.58
0.66
0.47
0.40
1.00
0.71
0.88
0.95
0.52
0.97
0.70
0.56
0.93
0.40
0.91
0.57
0.53
0.60
0.85
0.42
0.55
0.46
0.62
0.78
0.61
0.40
0.63
0.51
0.58
0.97
0.44
0.55
0.64
0.67
0.85
0.60
0.84
0.48
0.81
0.42
0.71
0.70
0.66
0.52
0.91
0.71
0.41
0.55
0.97
0.99
0.49
0.49
0.78
0.71
0.88
0.71
0.70
0.71
0.63
0.56
0.84
0.96
0.84
0.55
0.58
0.87
0.65
0.97
0.98
0.41
0.76
0.55
0.53
0.65
0.57
0.56
0.83
0.65
0.45
0.68
0.48
0.74
0.58
0.62
0.72
0.89
0.83
0.66
0.60
0.70
0.71
0.98
1.00
0.96
0.78
0.50
0.85
0.55
0.69
0.52
0.54
0.92
0.59
0.70
0.93
0.77
0.81
0.54
0.82
0.61
0.70
0.75
0.55
0.66
0.40
0.58
0.43
0.73
0.99
0.98
0.70
0.75
0.99
0.70
0.93
0.63
0.53
0.78
0.74
0.52
0.82
0.60
0.66
0.44
0.90
0.58
0.48
0.85
0.74
0.67
0.87
0.97
0.41
0.52
0.80
0.62
0.82
0.97
0.55
0.87
0.78
0.50
0.99
0.93
0.54
0.93
0.57
0.69
0.40
