0.19
0.24
0.31
-0.21
-0.18
0.21
0.12
0.37
0.30
0.04
0.16
0.24
0.35
0.21
-0.21
0.19
-0.23
0.06
0.32
-0.37
-0.18
-0.39
-0.10
-0.31
0.08
-0.30
-0.28
-0.31
0.17
0.23
0.13
-0.35
0.10
0.17
0.36
-0.13
-0.27
0.20
-0.38
-0.26
-0.34
-0.09
0.01
-0.01
0.06
0.16
0.37
0.30
-0.30
0.35
-0.07
0.30
-0.02
0.40
-0.36
0.16
0.15
-0.11
-0.07
-0.07
-0.27
-0.14
0.32
0.21
0.29
0.05
-0.12
-0.14
-0.32
-0.04
-0.21
0.03
0.09
0.18
0.26
0.02
-0.06
-0.35
-0.07
0.32
-0.32
0.31
-0.35
-0.09
0.40
0.14
-0.23
0.25
-0.31
-0.36
0.17
0.11
0.17
-0.09
0.25
0.30
-0.03
0.21
0.22
-0.08
-0.10
-0.29
-0.02
-0.02
0.31
0.17
0.28
-0.05
0.22
0.13
0.04
0.20
0.14
-0.36
0.15
-0.21
0.27
-0.37
-0.08
0.05
-0.40
0.00
0.39
0.17
-0.34
0.09
0.37
-0.06
0.36
0.27
-0.10
0.01
0.11
0.21
0.04
0.08
0.03
0.21
0.26
0.30
0.37
-0.23
-0.37
-0.30
-0.11
0.28
0.23
0.02
-0.10
-0.26
0.24
0.30
-0.29
-0.35
-0.23
0.28
-0.38
-0.02
-0.30
-0.31
0.27
0.26
-0.01
0.32
-0.09
0.06
-0.04
0.08
0.36
-0.06
0.21
0.13
0.10
0.22
-0.31
-0.19
0.11
0.34
-0.17
0.39
-0.28
-0.33
-0.03
-0.05
0.02
-0.14
-0.08
-0.10
-0.29
-0.27
0.30
0.07
-0.11
-0.22
-0.01
0.31
-0.11
-0.26
-0.29
0.26
0.30
0.40
0.36
-0.14
-0.06
0.37
0.19
0.20
0.05
-0.05
0.21
0.25
-0.06
-0.07
0.31
-0.40
0.40
-0.16
0.27
0.11
-0.18
0.26
0.15
-0.39
-0.23
-0.13
-0.27
0.16
-0.29
-0.13
-0.02
-0.20
-0.02
0.13
-0.37
-0.16
0.36
0.13
-0.26
0.33
-0.35
0.15
0.23
0.06
-0.19
-0.37
0.26
0.04
0.21
-0.26
0.33
0.21
0.16
-0.35
0.26
-0.38
0.11
0.05
0.01
-0.13
-0.37
-0.27
-0.09
0.33
-0.21
0.10
0.24
-0.25
0.08
-0.39
0.05
-0.09
-0.27
-0.39
-0.11
-0.28
-0.04
-0.32
-0.09
-0.05
0.31
0.36
-0.09
0.28
0.14
0.04
-0.29
-0.37
-0.08
0.25
0.35
0.07
-0.37
-0.25
0.17
0.35
-0.26
-0.09
-0.02
0.39
-0.23
0.24
-0.19
0.15
0.24
-0.40
-0.05
0.16
0.37
0.36
-0.29
-0.15
-0.20
-0.33
-0.31
-0.36
-0.02
0.07
0.24
0.11
-0.35
-0.35
-0.06
0.05
0.15
-0.40
-0.07
0.07
-0.13
-0.40
-0.14
-0.30
-0.23
0.02
-0.04
0.00
-0.27
-0.24
0.19
0.33
0.07
-0.33
-0.17
0.33
-0.18
0.31
-0.02
-0.22
0.11
0.31
0.27
0.23
0.25
0.28
-0.28
0.33
0.13
-0.35
-0.18
-0.31
0.26
-0.08
0.33
-0.35
0.13
-0.33
0.25
-0.28
0.07
0.37
0.26
0.03
0.39
0.37
-0.04
-0.38
-0.05
-0.25
-0.34
-0.32
-0.05
0.13
0.12
0.25
-0.14
-0.35
0.33
-0.15
-0.06
-0.20
0.10
-0.29
-0.22
0.20
-0.30
-0.37
0.07
0.11
-0.30
0.19
-0.35
0.22
-0.27
0.04
-0.28
-0.07
0.02
-0.27
0.12
0.09
-0.06
0.20
0.30
0.11
-0.40
-0.16
-0.14
0.04
0.01
0.31
0.21
0.30
0.40
0.02
0.34
0.34
0.16
-0.21
-0.10
0.18
0.27
0.24
-0.27
0.00
-0.09
0.29
-0.27
0.17
-0.04
0.34
0.18
-0.05
0.26
-0.26
0.34
0.31
0.39
0.35
-0.27
0.25
-0.31
0.15
-0.08
-0.18
-0.39
0.13
-0.21
-0.06
0.21
0.09
0.24
0.40
-0.20
-0.02
-0.25
-0.21
0.28
-0.31
-0.22
0.28
0.39
-0.23
0.19
-0.07
0.15
-0.27
0.17
0.01
-0.27
-0.32
0.06
0.07
-0.38
0.01
0.06
0.03
-0.08
0.37
0.32
-0.05
0.30
-0.03
-0.30
0.25
-0.28
0.09
0.22
-0.17
-0.12
0.19
-0.32
0.22
0.25
0.33
0.31
0.00
0.10
0.16
0.29
0.11
0.34
0.06
-0.01
-0.12
0.19
-0.22
-0.07
-0.10
-0.21
0.39
0.12
-0.03
0.29
0.20
0.38
-0.30
-0.35
0.40
0.31
0.40
0.09
0.07
-0.39
0.25
0.29
-0.17
0.37
-0.39
0.01
0.38
0.20
0.28
0.31
-0.11
-0.24
0.39
0.11
0.37
0.34
-0.10
-0.26
-0.18
0.34
-0.04
0.05
-0.02
0.21
-0.24
0.04
0.23
0.01
0.33
-0.33
0.33
0.18
-0.30
0.03
0.11
-0.28
-0.37
-0.06
0.21
-0.21
-0.19
-0.31
0.07
0.12
-0.21
0.29
0.20
0.31
0.04
0.03
-0.33
-0.39
0.00
0.32
0.16
0.24
0.19
0.16
-0.31
0.03
-0.31
0.40
0.13
-0.30
0.40
0.22
-0.03
-0.14
-0.37
0.17
-0.36
0.36
0.32
0.38
0.01
0.30
-0.13
-0.30
0.39
-0.35
-0.02
-0.05
-0.28
-0.13
0.25
0.15
-0.06
0.21
-0.32
0.09
0.12
-0.08
0.38
-0.03
0.17
0.03
0.16
-0.18
0.20
0.35
-0.13
-0.02
0.20
-0.38
-0.21
0.14
-0.30
0.14
-0.19
-0.21
0.39
-0.08
0.12
-0.39
0.28
-0.06
-0.12
-0.03
-0.34
-0.19
0.02
-0.25
-0.23
0.12
0.30
0.28
0.29
-0.01
0.33
-0.05
-0.18
0.01
0.29
0.39
-0.07
-0.09
0.19
-0.26
0.30
-0.09
0.36
-0.06
-0.36
0.21
0.03
0.40
-0.14
-0.33
0.14
-0.11
0.13
-0.39
-0.24
0.30
-0.14
-0.22
0.26
0.03
-0.17
0.04
0.05
0.17
-0.30
0.25
-0.36
0.14
0.03
0.11
-0.39
0.18
0.26
-0.24
-0.36
-0.18
0.10
-0.23
0.30
-0.18
0.05
-0.23
0.35
-0.29
0.11
0.17
0.01
-0.23
0.31
-0.13
0.13
-0.16
0.22
-0.16
0.36
-0.17
-0.02
0.19
-0.39
-0.39
0.12
-0.23
0.04
-0.17
0.25
-0.20
-0.34
-0.14
0.08
0.33
0.37
0.24
0.05
-0.32
-0.25
0.17
0.19
0.01
-0.39
0.22
0.02
-0.08
0.34
-0.20
0.00
0.23
-0.38
0.13
0.38
0.38
0.33
0.05
0.40
-0.34
-0.01
-0.34
-0.09
-0.25
-0.05
-0.19
0.29
0.08
-0.39
-0.39
-0.06
0.13
0.36
0.09
0.10
-0.09
0.32
0.26
-0.09
