0.50
0.42
0.45
0.17
-0.01
0.10
0.09
0.27
-0.11
0.39
0.60
-0.12
0.37
0.11
-0.05
-0.09
0.14
0.26
-0.04
0.08
0.36
0.15
0.47
-0.14
-0.02
0.07
0.00
-0.16
0.28
-0.20
0.43
0.07
0.23
0.27
-0.09
-0.03
0.24
0.30
-0.16
0.10
0.45
0.24
0.38
0.52
-0.19
0.35
0.14
0.23
0.04
-0.05
0.37
0.20
0.23
-0.01
0.38
0.47
0.11
0.43
0.18
-0.06
-0.03
0.50
0.46
0.51
0.08
0.51
-0.20
0.24
0.45
0.13
0.00
0.27
0.12
0.36
0.19
0.50
-0.06
0.52
0.09
0.23
0.34
-0.04
0.18
0.27
-0.18
0.16
-0.04
0.60
0.54
0.53
0.44
0.53
0.04
-0.05
0.34
0.38
0.11
0.42
0.31
0.04
-0.08
0.59
0.07
0.39
-0.13
0.10
0.41
0.13
0.21
0.48
0.16
0.10
0.12
0.60
0.22
0.02
0.24
0.20
0.60
-0.03
-0.07
-0.05
0.03
0.46
-0.08
0.18
0.00
0.40
-0.02
0.59
0.07
0.48
-0.13
-0.06
0.52
-0.03
-0.01
0.24
0.38
0.05
0.45
0.17
-0.15
-0.18
0.00
0.28
0.01
0.24
0.09
0.11
-0.19
0.27
0.18
0.09
0.11
0.06
-0.09
0.25
0.58
0.39
0.29
0.46
0.58
0.48
0.19
-0.11
0.25
-0.18
0.29
0.18
0.23
0.45
0.33
0.36
0.17
0.09
0.49
0.58
0.00
0.37
-0.08
0.54
0.47
0.32
0.13
0.57
0.38
0.37
0.17
-0.09
0.57
0.35
-0.07
-0.02
0.55
0.46
0.33
0.52
0.07
-0.20
-0.09
0.47
0.42
0.40
-0.18
-0.15
-0.20
0.60
-0.18
0.30
-0.18
-0.12
-0.03
0.05
0.01
0.44
0.49
0.05
0.41
0.48
-0.06
-0.01
0.27
0.07
0.36
0.16
0.30
0.52
-0.01
-0.14
0.30
0.37
-0.12
0.12
0.44
-0.13
0.29
0.27
0.42
0.52
0.60
0.54
-0.12
-0.11
0.00
0.54
-0.01
-0.09
0.29
0.58
-0.15
-0.04
0.36
0.48
0.58
0.30
0.46
-0.18
0.58
0.27
0.51
-0.15
-0.16
-0.05
0.32
-0.04
0.18
-0.16
0.04
0.00
-0.13
0.25
0.13
0.58
0.14
0.05
0.14
0.32
-0.06
0.46
0.20
-0.12
0.15
0.31
0.37
-0.11
0.09
0.37
0.60
0.54
0.38
0.10
0.55
0.04
0.18
0.35
0.56
0.09
-0.18
0.10
0.25
0.14
-0.08
0.09
0.49
-0.10
-0.10
0.47
0.01
0.48
0.10
0.10
-0.18
0.14
0.39
-0.11
0.55
0.06
-0.09
-0.06
0.05
0.07
-0.08
0.23
0.17
-0.17
0.57
0.26
-0.13
0.45
-0.13
0.54
0.38
0.38
-0.04
0.09
0.30
0.36
-0.11
0.13
-0.06
0.04
-0.07
0.04
0.32
-0.04
0.45
0.27
-0.19
0.42
0.31
0.51
0.32
0.06
0.36
0.02
0.40
-0.09
0.49
0.22
0.03
0.36
0.04
-0.01
0.26
0.24
-0.15
0.10
0.60
0.12
0.45
-0.19
0.24
-0.07
-0.18
-0.09
0.30
0.52
-0.17
-0.16
0.32
0.48
0.55
0.24
-0.10
0.06
-0.18
0.00
-0.10
0.07
0.08
0.60
0.53
0.58
0.23
0.08
0.47
0.03
0.03
-0.07
0.05
0.54
-0.18
-0.10
0.26
0.29
-0.15
0.31
0.12
-0.04
0.19
-0.03
0.23
-0.17
0.36
0.58
0.28
0.20
0.12
0.43
0.07
0.31
0.25
0.39
0.19
-0.11
0.33
0.28
0.58
0.23
0.07
0.18
0.05
-0.20
-0.13
0.13
-0.06
0.45
-0.09
0.37
-0.03
0.38
0.40
-0.14
0.21
0.45
0.25
0.38
0.27
0.56
0.47
0.02
-0.03
0.00
-0.07
0.56
0.29
0.56
-0.13
-0.17
0.49
0.03
0.03
0.28
-0.01
-0.08
0.51
0.37
0.13
0.26
-0.16
-0.05
0.59
0.57
0.06
0.21
0.39
0.10
-0.07
0.57
-0.06
-0.01
0.37
0.07
0.06
-0.20
-0.09
0.38
0.03
0.02
-0.18
-0.05
0.26
0.45
0.16
-0.18
0.40
-0.09
0.40
0.59
-0.09
0.01
-0.02
-0.09
0.55
0.29
0.02
-0.12
-0.04
-0.19
0.16
0.40
0.54
0.48
0.13
-0.11
0.56
-0.19
0.02
-0.18
0.53
-0.18
0.58
0.42
0.53
0.26
0.52
0.32
-0.05
0.09
-0.08
0.44
0.47
0.39
-0.14
0.35
0.29
0.09
0.18
0.42
0.06
-0.07
0.34
0.19
0.37
0.10
-0.14
0.52
0.45
0.37
0.50
0.48
0.59
0.57
0.39
0.52
-0.15
0.24
0.27
0.20
0.42
-0.19
0.38
0.16
0.23
0.21
0.23
0.60
0.44
0.43
-0.17
0.16
0.09
0.25
0.09
0.37
0.08
0.46
0.29
-0.18
0.54
0.16
0.57
0.19
0.06
0.60
0.14
0.38
-0.02
-0.18
-0.03
-0.06
0.26
0.05
0.20
0.60
-0.08
-0.03
0.55
0.16
0.24
-0.10
-0.08
0.34
0.35
-0.02
-0.20
0.57
-0.19
-0.16
-0.14
0.06
0.10
0.59
0.36
0.13
-0.15
0.33
-0.18
-0.10
0.00
0.39
0.41
0.03
0.26
0.45
0.34
0.15
0.09
0.39
0.38
0.06
-0.14
-0.20
0.19
0.50
-0.04
-0.01
0.10
0.11
0.46
-0.04
0.22
0.10
-0.12
0.40
0.11
-0.12
0.00
0.02
0.07
0.49
0.40
-0.01
-0.06
0.29
0.36
0.14
0.00
0.38
0.31
-0.09
0.48
0.44
0.20
0.28
0.07
-0.18
0.40
-0.09
0.33
-0.15
0.15
0.30
-0.18
0.25
0.33
0.45
-0.12
0.17
0.20
0.31
0.60
0.20
0.39
0.30
0.32
-0.18
-0.01
0.01
0.22
0.28
0.08
0.55
0.14
0.57
0.36
0.10
0.33
0.18
0.19
0.59
0.44
0.01
-0.07
-0.07
0.38
0.46
0.49
0.24
0.54
-0.10
0.45
0.39
0.55
0.36
0.43
0.03
-0.03
0.00
0.45
0.60
0.34
0.42
0.47
0.53
0.22
-0.07
0.57
0.05
-0.10
0.10
0.10
0.22
0.10
0.21
-0.07
0.29
-0.04
0.49
-0.16
0.22
0.55
0.43
0.14
-0.06
0.35
0.56
0.57
0.49
-0.10
0.09
0.46
-0.12
-0.06
-0.14
-0.17
0.11
-0.09
0.58
0.09
0.06
-0.13
0.06
0.58
0.49
0.28
0.30
0.12
0.03
0.02
0.57
0.03
0.41
0.20
0.10
-0.18
-0.01
0.07
0.16
-0.16
-0.05
0.02
-0.15
