1.33
0.50
0.71
1.27
0.90
1.12
0.71
1.97
1.51
0.80
1.67
1.73
0.89
1.18
0.64
1.76
1.36
0.54
1.19
1.98
0.93
1.19
0.59
1.46
1.73
0.71
1.40
1.97
1.73
0.90
1.33
1.71
1.09
0.55
0.79
0.64
0.73
1.19
0.58
0.59
0.64
1.83
1.36
1.28
0.77
1.41
1.90
1.06
0.61
1.63
1.33
0.95
0.74
1.67
0.98
1.92
1.61
0.50
1.51
0.76
0.93
0.96
0.53
0.69
1.42
1.03
1.48
0.88
0.98
1.68
1.46
1.61
1.21
0.58
0.51
1.30
1.57
1.59
2.00
1.60
1.05
0.63
0.91
0.97
0.75
0.57
1.59
1.32
1.60
1.01
1.78
1.96
1.03
1.76
0.57
1.26
0.59
2.00
1.82
1.60
1.94
1.70
1.41
0.61
0.50
1.85
1.62
0.55
0.89
0.97
1.15
1.23
1.92
1.91
0.97
0.89
1.00
0.54
0.57
1.86
1.88
0.81
1.86
1.83
1.50
0.71
1.99
1.20
1.66
1.27
1.49
1.70
0.83
0.85
0.93
1.57
1.10
1.64
1.28
1.48
1.21
1.86
1.35
0.57
1.01
1.80
0.69
1.12
1.27
0.64
1.42
1.86
1.75
1.69
1.13
1.80
1.11
0.71
1.03
1.96
0.71
1.49
1.17
0.51
1.59
1.52
1.44
1.40
1.99
0.53
1.26
1.60
1.15
1.21
1.69
0.59
0.77
1.88
1.60
1.08
0.82
1.55
0.91
0.68
1.45
0.50
0.95
1.27
1.12
1.37
1.66
1.07
1.20
0.60
0.63
0.95
1.80
1.31
0.88
1.91
1.55
1.53
0.59
1.81
0.61
1.62
1.92
1.16
2.00
1.33
1.76
0.61
1.05
0.92
1.87
1.83
1.11
0.74
1.52
1.44
1.43
1.59
1.94
1.56
0.68
1.00
0.73
1.80
1.03
0.70
1.88
0.92
1.14
1.37
1.32
0.81
1.51
1.65
1.31
1.19
0.88
1.57
1.36
1.78
0.90
1.88
1.83
0.60
0.68
1.20
0.62
0.58
1.00
0.77
1.85
0.87
0.68
1.59
1.92
1.33
0.58
1.52
0.57
1.25
1.93
1.54
1.82
1.61
0.81
0.69
0.60
0.67
1.31
1.31
1.43
1.80
1.83
0.81
1.58
1.84
1.70
1.56
0.99
1.22
1.72
1.28
0.60
0.81
0.51
1.46
1.66
1.52
1.78
1.93
1.68
0.59
1.72
1.85
1.00
0.94
0.92
1.36
1.60
1.58
1.76
1.94
1.47
1.80
0.79
0.92
0.66
0.94
0.55
0.69
1.69
1.17
0.81
1.22
1.59
0.63
1.11
1.55
1.08
1.43
0.69
1.90
1.24
0.52
1.47
1.09
1.72
0.73
1.74
1.33
1.71
1.08
0.73
0.71
0.93
1.50
1.82
1.02
1.20
0.93
1.17
0.55
0.65
0.57
1.09
1.12
1.85
0.54
0.88
1.97
1.36
1.52
1.35
1.79
1.64
1.73
1.57
1.74
1.20
2.00
0.94
1.22
0.63
0.94
0.53
1.41
1.03
1.99
1.65
0.99
1.25
1.80
1.43
1.56
1.95
1.73
0.59
1.16
1.71
1.44
1.58
1.86
1.60
0.65
1.85
0.55
1.28
0.61
0.74
0.64
1.08
1.49
1.03
1.85
1.96
1.35
0.62
0.74
0.94
1.20
1.57
1.36
1.01
1.28
0.79
1.15
1.88
1.90
1.05
1.00
0.55
0.57
1.94
1.91
0.62
0.62
1.35
1.33
1.44
0.50
1.60
0.56
1.54
0.81
0.69
0.62
1.87
1.73
1.03
1.73
1.09
1.41
0.65
1.48
0.79
1.92
1.60
1.27
1.48
0.70
1.65
0.88
1.78
1.63
1.38
0.66
1.82
1.43
1.70
2.00
0.84
1.45
0.85
1.05
1.72
0.94
1.04
1.44
1.51
1.06
0.78
0.97
1.49
1.72
1.31
1.01
1.18
0.73
1.97
0.64
0.68
1.03
1.31
1.21
1.01
1.46
1.29
1.72
1.80
0.97
1.83
1.28
1.69
0.62
0.86
0.72
1.08
1.92
1.58
1.55
0.71
1.51
0.57
0.61
0.77
1.50
0.59
1.00
0.82
1.14
1.26
1.23
1.18
1.63
1.99
1.23
1.86
0.65
1.87
0.58
0.67
1.35
0.96
1.87
1.64
1.03
1.74
1.37
0.66
1.52
0.68
1.50
1.60
1.33
0.84
1.22
1.73
0.77
1.82
0.73
1.67
1.98
1.93
0.57
1.65
1.02
1.49
1.78
0.91
1.69
0.83
1.21
0.53
1.24
1.81
0.93
1.22
1.47
1.80
0.63
1.67
0.82
0.69
1.04
1.76
1.29
0.93
1.60
1.56
1.91
1.33
1.94
1.01
1.27
1.49
0.80
0.65
1.92
1.31
1.37
1.39
1.72
1.88
1.32
0.93
1.47
1.92
1.88
1.85
0.56
1.53
1.06
1.87
0.73
1.26
1.99
0.50
1.44
0.75
1.66
1.64
0.62
1.09
1.37
1.85
0.55
1.04
1.26
0.78
1.65
0.50
0.96
1.19
1.77
1.38
1.51
0.61
0.90
1.95
0.76
1.88
1.81
1.79
1.61
0.85
0.81
0.76
0.66
0.93
1.11
1.07
0.97
0.88
0.83
1.85
1.16
1.91
1.25
1.51
1.18
0.57
0.65
0.89
1.23
1.70
0.60
1.22
1.85
0.79
1.59
1.84
1.04
0.92
0.69
0.76
1.53
1.45
1.18
0.73
1.49
0.67
0.53
1.09
0.99
0.61
0.99
0.82
1.61
1.74
1.88
1.81
1.76
1.77
1.67
0.76
1.61
1.72
1.14
1.93
1.54
1.66
1.68
1.55
0.65
0.79
1.39
0.66
1.53
0.86
1.14
1.14
1.04
0.75
0.64
0.84
1.03
1.29
1.54
1.65
0.91
0.58
1.57
1.12
1.78
0.67
1.95
1.65
1.24
0.69
1.98
0.77
0.71
1.48
1.97
1.47
1.02
0.53
0.83
1.17
1.63
1.12
0.90
1.43
1.47
1.52
0.57
1.42
1.40
2.00
1.37
1.17
1.57
1.34
1.49
0.62
1.31
1.11
1.50
0.87
1.89
0.93
1.99
1.27
1.16
0.72
0.92
0.61
1.86
1.99
1.80
0.59
1.82
0.67
1.89
1.50
1.27
1.35
0.57
1.21
1.70
1.38
0.95
1.04
1.33
1.99
1.80
1.96
1.19
1.78
0.80
1.29
1.39
1.35
0.87
1.10
0.70
1.29
1.11
0.81
0.91
1.32
1.60
1.63
1.91
1.63
1.05
1.04
2.00
1.94
1.77
