1.59
1.76
1.16
1.48
0.67
1.33
1.56
1.73
1.07
1.46
1.63
1.76
0.97
1.23
0.82
1.61
1.33
1.28
1.46
1.18
0.99
1.05
0.52
1.34
0.89
1.16
1.34
0.97
1.85
1.55
1.49
1.74
1.42
1.52
1.47
1.68
1.44
0.84
1.26
1.81
1.56
1.19
1.14
1.25
1.08
1.88
0.72
1.96
0.65
1.20
1.59
1.65
1.84
0.64
1.53
1.79
0.93
1.51
0.75
1.06
0.99
0.62
0.68
0.51
1.01
1.67
0.98
1.06
1.36
0.53
1.17
1.89
1.99
1.53
1.48
0.53
1.89
0.53
0.56
0.59
1.37
0.64
1.71
1.90
0.77
0.88
1.95
1.60
1.24
1.49
1.66
1.49
0.97
0.66
1.83
1.54
1.59
1.36
0.96
0.65
1.09
0.90
0.95
0.50
1.79
1.18
1.85
1.43
1.10
1.15
1.66
1.17
0.94
1.01
1.85
1.38
1.91
1.58
1.13
1.34
1.69
1.71
1.66
1.08
1.27
0.58
1.84
1.15
0.90
1.69
1.26
1.73
1.85
0.63
0.51
1.13
0.53
0.67
1.38
1.47
1.00
1.51
1.80
1.96
0.96
0.95
0.68
1.23
1.12
1.89
1.42
1.88
1.81
0.95
1.72
0.75
0.77
1.60
0.53
1.49
1.35
1.06
1.37
1.50
1.82
1.19
1.62
1.06
1.10
1.87
1.19
1.74
1.87
0.78
1.16
0.60
0.53
0.53
0.73
0.84
0.87
0.99
1.37
1.35
1.95
0.95
0.60
1.86
0.75
1.49
1.17
1.65
1.15
0.57
1.49
1.83
1.87
1.18
1.99
1.39
1.00
0.94
1.42
1.33
1.31
1.77
1.58
1.11
1.54
0.64
0.73
1.12
1.67
1.30
1.76
1.93
1.77
1.34
1.67
0.54
1.99
0.82
1.79
1.48
1.56
1.53
1.40
1.53
1.08
0.51
1.95
0.72
1.03
1.24
1.78
0.85
1.63
1.33
1.44
1.21
0.89
1.37
1.33
1.68
1.28
0.79
0.69
0.87
0.51
1.83
1.55
1.31
1.27
0.75
1.47
1.67
1.31
1.99
1.94
0.80
0.62
1.40
1.94
1.42
0.88
1.48
0.57
1.56
0.64
1.63
1.78
1.80
0.87
1.12
0.64
1.11
1.74
1.55
1.31
0.87
1.97
0.56
1.50
1.21
1.27
1.28
1.01
1.47
0.53
1.78
1.54
1.76
1.76
1.27
1.44
1.63
1.02
1.33
0.52
0.64
0.52
1.41
1.60
1.71
0.82
0.53
1.29
1.62
1.56
1.28
1.61
0.71
1.34
0.81
1.20
1.85
1.27
0.77
1.15
0.66
1.79
1.85
0.87
1.97
1.62
1.70
1.98
1.39
0.80
1.19
1.63
1.92
0.50
1.39
0.78
1.15
0.71
0.78
0.58
0.90
0.70
1.45
1.60
0.89
0.75
1.75
1.80
0.82
1.46
0.91
1.26
0.92
0.53
1.51
1.95
1.97
0.72
0.96
1.80
0.99
1.71
0.58
1.96
1.41
1.64
1.21
1.55
1.21
1.31
1.72
1.98
1.90
0.76
1.73
1.11
0.89
1.02
0.89
1.76
0.58
0.52
1.05
0.53
0.89
1.05
1.14
1.20
0.79
0.74
0.88
1.24
0.82
1.03
1.65
1.61
1.63
1.22
0.50
0.80
0.70
0.73
0.68
1.10
1.61
1.73
0.69
1.66
1.76
0.56
1.05
1.21
1.43
0.60
1.94
1.21
0.92
0.65
1.68
0.53
1.34
0.99
0.83
0.84
1.13
0.62
1.56
0.76
0.91
1.93
0.95
0.86
1.53
1.92
1.98
0.83
0.58
1.26
1.95
0.50
0.72
0.82
1.44
1.71
0.70
1.10
0.76
1.51
1.91
1.50
0.56
1.25
1.80
1.99
1.34
0.78
1.97
1.16
1.54
1.43
0.97
1.52
0.90
1.72
1.86
0.72
1.98
1.58
0.82
1.86
1.30
1.19
0.56
1.77
0.56
1.70
1.63
1.87
1.53
0.77
0.95
0.71
0.70
1.60
0.81
1.64
1.19
1.03
0.70
0.84
0.72
0.73
1.43
1.23
1.18
1.76
1.74
1.83
1.01
1.31
1.49
0.90
1.09
1.26
1.68
1.44
1.76
0.88
1.71
0.50
1.72
0.69
1.60
1.83
1.65
1.43
1.69
1.62
0.52
1.19
1.14
1.32
0.87
0.77
0.96
0.59
1.37
1.82
1.90
1.35
0.83
2.00
1.61
1.34
0.52
0.57
1.00
0.71
0.94
2.00
1.29
1.73
0.77
1.48
1.55
0.78
1.51
1.27
1.59
0.53
1.79
1.59
1.13
0.78
1.38
1.44
0.64
1.46
0.89
1.93
1.51
1.57
0.83
1.76
1.83
1.52
1.36
1.63
1.98
1.48
0.51
1.46
0.75
0.93
0.67
1.47
0.79
1.57
0.72
0.97
1.76
0.72
0.89
1.13
1.21
1.91
1.73
1.59
1.27
0.51
1.71
0.53
1.49
0.58
0.65
1.45
0.76
0.64
1.17
0.74
0.64
0.61
1.20
1.19
1.61
1.09
0.80
1.98
1.09
1.24
0.63
1.51
1.31
0.63
0.74
1.58
1.57
1.37
0.67
1.06
1.47
1.16
1.89
1.18
1.32
1.25
1.40
0.66
1.41
0.89
0.71
1.87
1.54
1.83
0.66
1.25
1.29
0.82
0.50
1.28
1.77
1.94
1.96
1.03
1.63
1.32
1.33
0.50
1.93
1.50
1.74
1.44
0.64
1.14
1.62
1.89
0.86
0.79
0.60
0.81
0.51
1.87
1.73
0.71
1.22
1.67
1.04
0.79
1.38
0.70
1.31
0.69
1.62
0.84
0.78
1.59
1.05
1.65
1.16
0.81
1.07
1.27
1.18
0.77
1.21
1.58
1.09
0.62
0.67
0.99
0.92
1.34
0.95
0.73
0.54
0.92
1.02
1.52
1.91
0.62
0.70
1.39
1.47
0.89
0.92
1.08
0.98
1.96
1.89
0.85
1.71
1.43
1.57
0.82
1.57
1.76
1.36
1.11
0.68
1.50
0.80
0.99
1.52
0.66
0.55
1.09
0.68
0.89
1.73
0.94
0.91
1.19
1.99
1.02
1.27
1.94
1.72
1.64
1.59
1.05
0.77
0.83
1.14
1.60
1.77
1.80
1.05
0.71
1.81
1.49
1.67
0.61
0.86
0.90
1.07
1.12
1.20
1.82
1.40
1.38
0.66
1.68
0.75
1.42
1.09
0.76
1.30
1.74
0.87
1.29
1.86
0.81
0.50
0.58
0.99
1.58
1.83
1.75
0.88
1.81
1.87
1.62
1.48
0.57
0.72
