0.46
0.54
0.93
0.57
0.80
0.85
0.54
0.42
0.93
0.90
0.46
0.82
0.73
0.70
0.40
0.45
0.69
0.42
0.53
0.90
0.44
0.92
0.82
0.95
0.62
0.95
0.66
0.43
0.44
0.51
0.54
0.72
0.65
0.46
0.63
0.59
0.80
0.99
0.64
0.59
0.97
0.56
0.66
0.75
0.74
0.87
0.48
0.68
0.56
0.93
0.46
0.87
0.52
0.57
0.79
0.73
0.50
0.53
0.91
0.55
0.82
0.58
0.48
0.68
0.48
0.98
0.41
0.79
0.95
0.96
0.46
0.96
0.75
0.60
0.62
0.75
0.70
0.67
0.55
0.64
0.75
0.48
0.42
0.99
0.94
0.49
0.75
0.48
0.40
0.40
0.48
0.66
0.70
0.42
0.82
0.58
0.72
0.45
0.65
0.85
0.89
0.82
0.91
0.89
0.63
0.59
0.91
0.91
0.81
0.93
0.52
0.57
0.68
0.68
0.80
0.93
0.86
0.55
0.43
0.93
0.83
0.86
0.93
0.69
0.50
0.40
0.92
1.00
0.86
0.67
0.47
0.49
0.45
0.78
0.67
0.92
0.77
0.54
0.83
0.65
0.78
0.91
0.86
0.44
0.42
0.79
0.52
0.99
0.98
1.00
0.57
0.89
0.68
0.63
0.57
0.90
0.56
0.79
0.71
0.92
0.75
0.45
1.00
0.61
0.55
0.76
0.49
0.81
0.67
0.82
0.47
0.66
0.76
0.81
0.82
0.64
0.81
0.66
0.57
0.42
0.73
0.52
0.70
0.53
0.74
0.90
0.87
0.89
0.68
0.54
0.69
0.52
0.83
0.51
0.61
0.45
0.46
0.69
0.71
0.77
0.40
0.75
0.66
0.89
0.78
0.88
0.83
0.51
0.96
0.78
0.45
0.78
0.63
0.95
0.43
0.43
0.79
0.43
0.56
0.61
0.66
0.48
0.64
0.75
0.98
0.81
0.77
0.77
0.68
0.97
0.43
0.57
0.54
0.66
0.74
0.91
0.50
0.75
0.47
0.67
0.96
0.77
0.89
0.40
0.67
0.44
0.52
0.83
0.44
0.57
0.72
0.41
0.62
0.42
0.56
0.69
0.70
0.48
0.49
0.48
0.69
0.59
0.93
0.89
0.85
0.92
0.89
0.45
0.77
0.71
0.60
0.65
0.59
0.74
0.87
0.51
0.75
0.85
0.70
0.42
0.47
0.84
0.59
0.58
0.45
0.42
0.89
0.70
0.69
0.80
0.89
0.95
0.48
0.69
0.43
0.57
0.99
0.58
0.53
0.77
0.41
0.84
0.50
0.68
0.76
0.88
1.00
0.85
0.87
0.81
0.67
0.60
0.64
0.52
0.59
0.78
0.73
0.78
0.84
0.47
0.58
0.99
0.44
0.78
0.94
0.63
0.70
0.61
0.78
0.75
0.91
0.59
0.83
0.77
0.54
0.40
0.96
0.40
0.43
0.94
0.89
0.90
0.69
0.56
0.46
0.83
0.96
0.66
0.80
0.62
0.87
0.69
0.99
0.40
0.65
0.83
0.86
0.57
0.68
1.00
0.92
0.58
0.48
0.48
0.59
0.49
0.81
0.67
0.95
1.00
0.62
0.57
0.48
0.58
0.65
0.72
1.00
0.82
0.92
0.80
0.44
0.45
0.43
0.64
0.52
0.67
0.46
0.95
0.43
0.44
0.84
0.51
0.56
0.79
0.88
0.77
0.92
0.66
0.89
0.63
0.76
0.51
0.58
0.55
0.90
0.77
0.62
0.73
0.94
0.73
0.50
0.53
0.64
0.93
0.43
0.76
0.98
0.81
0.97
0.57
0.50
0.71
0.94
0.49
0.56
0.53
0.56
0.45
0.43
0.99
0.94
0.87
0.40
0.82
0.91
0.85
0.75
0.82
0.99
0.68
0.92
0.88
1.00
0.76
0.70
0.98
0.83
0.48
0.81
0.85
0.65
0.55
0.79
0.70
0.66
0.80
0.92
0.92
0.61
0.49
0.62
0.44
0.88
0.76
0.49
0.52
0.96
0.93
0.72
0.76
0.45
0.83
0.74
0.96
0.88
0.73
0.59
0.41
0.63
0.57
0.49
0.71
0.51
0.41
0.44
0.96
0.71
0.66
0.53
0.50
0.67
0.99
0.71
0.58
0.52
0.56
0.68
0.98
0.85
0.58
0.64
0.87
0.95
0.56
0.85
0.91
0.53
0.59
0.76
0.98
0.70
0.45
1.00
0.51
0.65
0.96
0.66
0.54
0.50
0.65
0.46
0.77
0.63
0.66
0.62
0.42
0.86
0.57
0.51
0.88
0.43
0.57
0.60
0.62
0.54
0.62
0.64
0.53
0.92
0.42
0.62
0.54
0.96
0.76
0.45
0.78
0.92
1.00
0.47
0.50
0.62
0.56
0.67
0.82
0.62
0.56
0.44
0.49
0.57
0.98
0.91
0.62
0.67
0.88
0.81
0.60
0.83
0.51
0.41
0.92
0.78
0.96
0.63
0.48
0.93
0.64
0.48
0.63
0.54
0.62
0.57
0.69
0.48
0.94
0.97
0.67
0.65
0.50
0.86
0.66
0.51
0.68
0.93
0.82
0.78
0.49
0.77
0.75
0.60
0.82
0.45
0.60
0.88
0.80
0.72
0.50
0.76
0.62
0.69
0.58
0.44
0.89
0.54
0.65
0.74
1.00
0.97
0.84
0.95
0.73
0.92
0.98
0.55
0.93
0.55
0.86
0.74
0.53
0.93
0.67
0.73
0.80
0.83
0.56
0.47
0.65
0.82
0.62
0.47
0.40
0.58
0.43
0.91
0.86
0.66
0.52
0.57
0.44
0.83
0.87
0.57
0.60
0.40
0.60
0.66
0.71
0.96
0.94
0.98
0.96
0.59
0.97
0.85
0.40
0.59
0.69
0.43
0.57
0.46
0.55
0.57
0.72
0.67
0.95
0.75
0.57
0.66
0.62
0.73
0.50
0.98
0.76
0.82
0.45
0.61
0.73
0.72
0.83
0.70
0.73
0.80
0.50
0.71
1.00
0.49
0.45
0.59
0.66
0.52
0.44
0.82
0.41
0.66
0.78
0.90
0.85
0.41
0.56
0.62
0.50
0.97
0.93
0.74
0.63
0.85
0.55
0.46
0.50
0.99
0.75
0.94
0.47
0.66
0.83
0.66
0.85
0.46
0.86
0.89
0.42
0.85
0.45
0.98
0.57
0.40
0.42
0.42
0.60
0.41
0.78
0.48
0.50
0.79
0.50
0.53
0.81
0.70
0.40
0.80
0.60
0.57
0.58
0.87
0.95
0.83
0.81
0.47
0.44
0.96
0.84
0.50
0.58
0.40
0.40
0.58
0.51
0.72
0.65
0.79
0.52
0.60
0.97
0.87
0.40
0.87
0.51
0.99
0.89
0.71
0.82
0.56
0.87
0.64
0.82
