-6.37
-8.72
-9.15
-4.02
-5.28
-0.97
-0.71
-6.20
-1.17
-0.90
-9.35
-3.49
-8.15
-8.55
-4.30
-0.44
-4.82
-8.31
-0.14
-8.07
-6.46
-0.59
-5.58
-5.69
-9.24
-6.77
-0.13
-8.50
-3.74
-8.55
-3.40
-1.30
-8.76
-3.47
-6.68
-1.83
-1.49
-2.84
-7.37
-1.01
-9.31
-9.77
-6.21
-2.47
-2.09
-0.56
-7.25
-8.60
-8.83
-1.35
-1.61
-8.15
-8.39
-1.86
-4.84
-0.89
-5.37
-0.27
-3.34
-5.75
-0.45
-8.95
-8.42
-3.47
-3.94
-8.82
-0.27
-7.85
-1.34
-1.17
-6.02
-7.49
-9.81
-6.31
-0.47
-5.89
-3.87
-2.06
-4.88
-0.93
-4.30
-3.66
-0.02
-5.26
-1.33
-1.07
-6.50
-0.81
-5.21
-6.61
-0.82
-2.48
-7.42
-8.57
-6.98
-9.35
-9.64
-7.88
-6.14
-6.84
-1.08
-3.49
-6.53
-5.28
-2.38
-3.00
-2.81
-4.77
-2.76
-2.52
-6.23
-3.39
-5.98
-4.77
-2.85
-8.89
-1.83
-8.50
-2.37
-7.67
-5.18
-8.64
-7.88
-4.72
-9.99
-1.96
-3.00
-6.70
-0.20
-8.04
-8.39
-7.59
-7.51
-5.16
-9.05
-6.07
-5.14
-9.24
-1.03
-2.10
-0.01
-8.70
-1.48
-7.99
-8.70
-9.22
-9.38
-1.59
-1.86
-5.44
-5.64
-9.85
-5.29
-7.89
-8.43
-7.32
-0.40
-8.05
-0.45
-8.66
-5.61
-4.39
-5.17
-7.88
-9.71
-9.62
-3.63
-1.70
-3.34
-1.20
-6.55
-6.62
-4.75
-5.62
-1.17
-9.61
-6.87
-4.58
-3.54
-7.46
-9.04
-4.16
-6.79
-0.47
-3.65
-0.05
-8.75
-5.46
-9.32
-2.75
-1.35
-7.93
-7.95
-5.57
-5.44
-4.83
-5.72
-5.69
-6.26
-2.46
-3.88
-1.14
-1.92
-2.98
-7.43
-1.13
-4.30
-4.52
-1.89
-7.03
-5.11
-2.36
-7.90
-8.94
-8.29
-7.92
-1.68
-6.81
-9.97
-2.38
-3.24
-2.03
-3.15
-3.31
-8.15
-8.44
-1.23
-0.20
-6.78
-1.83
-5.28
-1.02
-1.58
-1.30
-6.35
-0.68
-2.39
-5.32
-1.24
-1.21
-9.23
-5.14
-1.27
-0.10
-5.77
-3.34
-5.36
-1.45
-5.82
-8.14
-4.98
-4.70
-2.63
-1.02
-1.14
-9.83
-6.50
-2.18
-6.98
-8.47
-7.04
-1.24
-8.79
-4.08
-3.48
-8.55
-7.97
-6.59
-4.52
-9.56
-6.06
-1.21
-8.60
-4.34
-3.89
-6.56
-4.33
-2.14
-1.04
-1.55
-8.71
-3.56
-6.32
-7.38
-8.46
-8.42
-5.12
-2.81
-7.45
-3.04
-0.17
-8.91
-3.92
-3.27
-8.67
-0.51
-4.86
-5.19
-4.78
-2.12
-7.70
-5.57
-6.39
-9.39
-9.77
-3.14
-4.23
-4.34
-7.09
-5.87
-6.85
-5.58
-2.06
-4.82
-10.00
-3.21
-2.74
-4.18
-8.56
-7.48
-5.25
-2.13
-7.14
-4.57
-7.48
-5.15
-8.06
-3.68
-0.88
-7.02
-5.33
-9.70
-4.80
-3.65
-5.56
-6.18
-5.30
-0.73
-9.13
-0.96
-9.07
-9.80
-8.85
-0.82
-7.17
-3.79
-0.35
-3.00
-3.41
-9.86
-9.51
-1.76
-2.45
-7.54
-3.98
-9.66
-3.40
-5.58
-6.41
-0.53
-0.93
-2.75
-2.92
-6.80
-8.32
-8.24
-0.77
-7.42
-3.93
-1.72
-8.87
-6.43
-3.49
-4.35
-7.39
-4.53
-1.15
-9.16
-6.94
-9.11
-9.98
-6.99
-6.91
-1.67
-8.64
-9.63
-5.76
-6.31
-0.53
-6.64
-0.20
-8.75
-5.32
-8.94
-1.92
-4.29
-8.22
-1.80
-7.74
-2.63
-1.10
-1.13
-8.70
-8.53
-8.88
-6.28
-7.23
-5.29
-9.58
-5.68
-8.44
-4.13
-3.26
-5.30
-0.27
-9.44
-5.86
-3.69
-0.51
-4.50
-4.01
-7.05
-1.18
-5.19
-3.86
-9.21
-8.08
-4.67
-6.03
-5.18
-2.19
-6.26
-6.31
-8.14
-5.50
-5.47
-7.50
-9.56
-7.54
-1.58
-0.04
-7.82
-0.12
-4.78
-6.79
-9.41
-7.97
-6.88
-1.69
-4.01
-2.38
-9.77
-1.36
-3.43
-6.41
-9.80
-2.75
-0.22
-4.23
-2.80
-5.13
-8.86
-9.46
-2.98
-0.37
-9.27
-7.02
-0.91
-9.23
-0.79
-2.22
-4.00
-5.22
-8.42
-0.74
-1.90
-3.89
-4.95
-6.56
-8.42
-9.14
-3.19
-3.47
-4.39
-7.28
-6.75
-7.40
-1.50
-8.99
-0.62
-6.69
-8.09
-0.70
-2.18
-6.89
-7.46
-9.01
-5.31
-7.96
-5.39
-9.31
-2.22
-5.87
-3.70
-9.34
-7.36
-0.90
-9.94
-8.69
-9.69
-2.21
-7.84
-9.05
-5.38
-5.87
-8.46
-8.87
-2.25
-7.18
-1.54
-8.03
-8.24
-3.66
-4.38
-0.72
-7.88
-6.28
-3.37
-4.66
-0.01
-0.27
-5.14
-4.65
-4.27
-7.04
-7.14
-4.93
-6.38
-9.98
-1.22
-6.60
-2.13
-0.77
-0.68
-2.28
-3.45
-0.14
-4.66
-3.93
-3.95
-4.83
-9.39
-8.66
-2.82
-2.99
-7.55
-9.83
-7.04
-6.99
-6.66
-1.02
-0.54
-9.94
-5.10
-0.07
-9.06
-10.00
-9.31
-1.69
-9.71
-4.22
-1.55
-6.94
-2.28
-3.72
-7.02
-8.81
-7.22
-0.49
-8.46
-1.01
-1.64
-7.97
-1.54
-8.40
-2.71
-2.90
-4.01
-1.49
-8.96
-2.37
-6.56
-3.41
-0.24
-9.10
-5.17
-7.10
-9.53
-1.60
-6.52
-6.00
-8.83
-0.98
-4.41
-1.56
-7.91
-4.49
-1.99
-3.50
-7.95
-9.85
-1.26
-8.54
-4.80
-7.16
-7.46
-2.88
-7.50
-6.15
-0.65
-1.77
-2.40
-2.26
-4.32
-9.65
-2.76
-2.10
-9.01
-9.06
-5.89
-1.06
-1.53
-6.56
-8.37
-7.36
-5.50
-9.41
-8.18
-7.35
-0.69
-0.32
-1.07
-8.72
-9.36
-4.16
-4.62
-3.30
-6.78
-1.90
-2.78
-7.12
-6.11
-7.19
-6.35
-3.75
-8.30
-0.53
-7.59
-4.65
-8.53
-3.09
-6.93
-8.31
-5.63
-9.24
-0.41
-9.19
-8.44
-2.04
-4.48
-8.19
-9.54
-0.89
-4.21
-6.91
-5.73
-5.53
-2.50
-1.79
-2.67
-4.78
-4.88
-1.16
-2.36
-3.14
-3.97
-9.29
-7.99
-4.83
-5.14
-1.41
-0.52
-2.59
-2.18
-2.53
-2.34
-0.15
-9.62
-9.49
-9.54
-0.36
-4.22
-4.49
-2.84
-1.73
-6.86
-4.28
-2.79
-5.67
-2.04
-9.77
-5.35
-3.10
-4.08
-1.29
-5.85
-6.92
-6.45
-1.63
-1.08
-4.67
-0.89
-6.44
-5.43
-3.19
-2.05
-7.66
-2.89
-0.14
-6.44
-6.39
-7.02
-4.00
-7.82
-7.27
-4.22
-1.35
-3.48
-3.30
-5.39
-9.02
-6.30
-8.87
-3.32
-6.02
-7.15
-2.20
-8.29
-9.89
-7.87
-7.39
-9.94
-7.15
-8.41
-0.03
-6.16
-5.17
-9.10
-5.14
-9.52
-0.61
-7.33
-6.88
-7.47
-3.22
-0.35
-1.70
-5.78
-9.77
-3.69
-2.29
-5.49
-3.21
-3.57
-5.36
-0.19
-3.98
-5.44
-8.48
-0.69
-2.38
-7.03
-4.27
-6.43
-9.63
-0.12
-8.15
-1.01
-7.91
-8.58
-7.82
-7.74
-8.85
-5.42
-9.65
-8.01
-0.13
-9.44
-7.71
-5.52
-3.97
-2.28
-0.92
-8.93
-1.64
-5.99
-3.28
-8.07
-4.66
-4.86
-9.20
-8.43
-5.54
-2.66
-0.32
-6.71
-1.60
-8.43
-0.21
-7.55
-2.47
-1.23
-2.44
-8.74
-9.51
-5.47
-0.67
-5.85
-9.16
-3.35
-9.81
-4.54
-3.77
-2.85
-2.61
-7.63
-3.94
-6.14
-5.45
-3.80
-0.21
-9.18
-4.19
-0.38
-2.47
-6.50
-6.51
-1.28
-8.23
-6.25
-5.44
-2.03
-0.37
-2.79
-8.13
-6.62
-2.19
-0.03
-1.67
-1.05
-7.64
-9.26
-9.08
-6.44
-1.08
-7.63
-9.53
-6.39
-3.61
-6.53
-7.24
-2.72
-7.96
-4.05
-7.06
-4.26
-9.03
-3.22
-0.60
-9.93
-7.90
-1.73
-4.20
-8.98
-3.70
-4.65
-2.66
-7.23
-8.98
-6.83
-3.89
-6.93
-7.25
-5.09
-9.63
-0.90
-2.32
-0.48
-1.04
-2.29
-8.82
-8.23
-2.46
-9.71
-4.72
-8.66
-2.53
-4.96
-4.62
-0.64
-5.94
-3.13
-5.87
-2.99
-1.09
-8.08
-5.91
-6.37
-5.70
-9.19
-1.40
-8.12
-5.00
-9.18
-1.60
-0.96
-0.85
-9.27
-8.31
-8.45
-8.17
-2.36
-4.02
-9.83
-0.32
-9.18
-3.35
-0.72
-9.40
-4.25
-6.38
-4.36
-2.56
-4.20
-9.31
-0.37
-2.08
-9.24
-2.05
-8.02
-0.49
-0.37
-6.12
-7.00
-2.21
-9.84
-6.41
-4.40
-5.79
-6.92
-5.90
-5.67
-4.01
-2.60
-6.69
-0.22
-6.01
-3.10
-9.63
-2.74
-2.63
-1.14
-5.19
-3.50
-9.87
-8.48
-8.83
-4.85
-1.96
-7.50
-9.59
-3.67
-7.27
-9.90
-0.73
-9.46
-2.87
-6.00
-2.19
-5.36
-6.75
-8.05
-3.65
-1.78
-6.33
-1.68
-0.62
-2.45
-8.27
-5.17
-7.66
-4.93
-7.16
-0.52
-0.56
-5.56
-9.00
-5.22
-2.97
-0.46
-4.45
-4.80
-3.19
-2.51
-3.35
-5.37
-3.85
-0.74
-1.42
-3.61
-5.12
-1.80
-9.48
-5.95
-1.70
-4.15
-0.18
-5.48
-9.52
