0.712
1.005
0.560
1.052
0.281
0.708
0.328
0.553
0.655
0.838
0.348
0.916
0.965
0.247
0.613
0.251
0.693
0.365
0.771
0.943
0.994
0.421
0.872
0.860
0.707
0.958
0.561
0.686
0.191
0.287
0.451
1.078
0.496
1.076
0.704
0.414
0.273
0.822
0.892
0.795
0.692
0.977
0.855
0.561
1.015
0.392
0.350
0.130
0.105
0.608
1.071
0.189
0.220
0.446
0.114
1.070
0.957
0.426
0.777
1.083
0.190
0.570
0.230
0.402
0.739
0.629
0.239
1.044
0.743
0.629
0.888
0.954
0.818
0.698
0.316
0.881
0.408
0.166
1.018
0.498
0.348
0.136
0.297
0.522
0.728
0.800
1.003
0.558
0.570
0.756
0.895
0.590
0.418
0.698
0.244
0.808
0.301
1.013
0.798
0.663
0.570
0.447
0.212
0.589
1.016
0.719
0.815
1.061
0.920
0.778
0.732
1.019
0.748
0.537
0.636
0.172
0.379
0.242
0.890
1.013
0.449
0.620
0.986
0.733
0.191
0.957
1.006
0.786
0.574
0.623
0.128
0.537
0.590
0.522
0.109
0.841
0.967
0.824
0.590
0.617
1.080
0.532
1.100
0.452
0.622
0.776
0.762
0.833
0.694
0.424
0.469
0.114
0.610
1.085
0.966
1.059
0.925
0.784
0.837
0.600
0.606
0.499
0.153
1.075
0.466
0.262
0.113
0.153
0.703
0.581
0.332
0.271
0.564
0.427
0.957
0.526
0.378
0.171
0.612
1.078
0.679
0.663
0.146
0.446
0.432
0.885
1.064
0.783
0.403
0.501
0.760
0.420
0.376
0.126
1.027
0.476
0.602
0.478
0.476
0.759
0.605
0.529
0.292
0.119
1.025
0.551
0.501
0.938
0.243
1.077
0.132
0.319
0.475
1.031
0.885
0.766
0.698
0.325
0.494
0.222
0.648
0.782
1.065
0.889
0.837
0.260
0.719
0.450
0.837
0.588
1.006
0.899
0.992
1.069
0.233
0.311
0.382
0.368
0.808
0.270
0.997
0.574
0.330
0.150
0.849
0.293
0.564
1.082
1.070
0.605
0.793
0.198
0.315
0.785
0.307
0.682
0.366
1.055
0.775
0.346
0.107
0.254
0.527
0.894
0.913
0.810
0.530
0.725
0.998
0.401
0.361
0.739
0.926
1.013
0.292
0.102
0.294
0.632
0.997
0.970
0.428
1.006
0.139
0.750
0.753
0.717
0.706
0.740
0.140
0.120
0.949
0.118
0.979
0.411
1.039
0.589
0.355
0.171
0.104
0.156
0.675
0.656
0.174
0.566
0.612
0.356
0.502
0.417
0.175
0.324
0.381
0.971
0.752
0.696
0.157
0.595
0.228
0.275
1.071
0.479
0.789
1.091
0.206
0.372
0.339
0.700
0.974
0.326
0.722
0.470
0.264
0.739
0.765
0.431
0.779
0.368
0.439
1.042
0.140
0.833
1.044
0.476
0.977
1.024
0.162
0.131
0.772
0.489
0.178
0.743
0.962
0.662
0.754
0.580
0.402
0.439
0.708
0.757
0.906
0.173
0.742
0.325
0.124
1.087
0.280
0.147
0.862
0.478
0.312
0.370
0.359
0.766
0.711
0.321
0.494
0.207
1.020
0.598
0.739
0.541
0.257
0.134
0.575
0.577
0.112
0.216
0.783
0.636
0.105
0.707
0.685
0.454
0.842
0.790
0.759
0.243
0.283
1.066
0.602
0.550
0.267
1.049
0.831
1.027
0.735
0.209
0.779
0.999
0.458
0.882
0.912
0.822
0.296
0.449
0.594
0.463
0.615
1.042
0.898
0.319
0.790
0.250
0.210
0.128
0.833
0.162
0.270
0.733
0.533
0.123
0.493
0.467
0.865
0.722
0.513
0.570
0.522
0.543
0.440
0.481
0.412
0.100
1.099
0.685
0.128
0.258
0.321
0.202
0.302
0.910
0.533
0.121
0.597
0.734
1.020
0.764
0.547
0.343
0.892
0.710
0.917
1.094
0.977
0.262
0.274
0.271
0.692
0.537
0.684
0.366
0.458
0.879
0.635
0.766
0.121
0.233
0.680
0.963
0.928
0.156
0.278
1.004
0.642
0.563
0.224
1.032
0.950
0.251
1.007
0.716
0.622
0.720
0.572
0.378
0.474
0.209
0.473
0.773
0.626
0.156
0.855
1.038
0.851
0.742
0.945
0.503
0.604
0.723
1.052
0.608
0.404
0.765
0.783
0.264
0.222
0.423
1.099
1.054
0.977
1.047
0.662
0.721
0.921
0.454
0.984
0.924
0.890
0.146
0.572
0.775
0.560
0.348
0.662
0.831
0.276
0.301
0.476
1.046
0.560
0.719
0.934
0.502
0.409
0.693
0.334
0.725
0.777
0.337
0.926
0.604
0.759
0.240
0.101
0.608
0.239
0.282
0.682
0.661
0.606
0.741
0.312
0.327
0.649
0.163
0.857
0.974
0.364
0.595
0.574
1.070
0.700
0.894
1.086
0.232
0.564
1.019
0.229
0.906
0.574
0.438
0.978
0.824
0.918
0.618
0.369
0.984
1.072
0.745
0.158
0.385
0.329
0.178
0.315
0.302
0.574
0.707
0.324
0.643
0.855
0.367
0.225
0.778
0.760
0.604
0.252
0.987
0.314
0.321
1.013
0.282
1.085
0.311
0.396
0.710
0.530
0.752
0.397
0.742
0.218
0.216
0.516
0.461
0.845
0.655
0.101
0.377
0.588
0.679
0.267
0.458
0.448
0.577
0.722
0.881
1.061
0.371
0.687
0.156
0.844
0.138
0.590
0.905
0.209
0.223
0.130
0.208
0.844
0.963
0.857
0.132
0.214
0.994
0.689
0.239
0.720
0.181
0.134
0.236
0.765
0.879
0.430
0.296
0.491
0.324
0.588
1.072
0.556
0.397
0.519
0.859
0.940
0.670
0.721
0.253
1.043
0.270
0.474
0.290
0.951
0.831
0.604
0.827
0.484
0.921
0.828
0.797
0.849
0.750
0.680
0.433
0.437
0.952
0.537
0.544
0.584
0.851
0.209
0.404
0.282
0.418
0.552
1.073
0.865
0.134
0.300
0.494
0.743
0.939
0.662
0.200
0.291
0.831
0.473
0.177
0.272
0.421
1.024
0.823
0.969
0.976
0.745
0.623
1.011
0.785
0.613
0.395
0.104
0.530
1.015
0.802
0.623
0.851
0.607
0.499
0.897
0.119
0.440
0.169
0.492
0.998
1.015
0.851
0.673
1.092
0.648
0.605
0.607
0.738
0.796
1.012
0.851
0.477
0.844
0.340
0.114
0.118
0.816
0.789
0.634
0.187
0.379
0.126
0.634
0.431
0.494
0.427
0.123
0.865
0.972
0.877
1.083
0.174
0.388
0.990
0.704
0.341
0.240
0.639
0.808
0.884
0.775
0.247
1.063
0.605
0.511
0.217
1.049
0.801
0.883
0.920
0.586
0.321
0.129
0.311
0.899
0.273
0.765
0.486
0.965
0.365
0.776
0.606
0.436
0.271
0.193
0.127
0.954
0.752
0.316
0.974
0.757
0.959
0.582
0.864
0.677
0.168
0.349
0.787
0.885
0.271
0.648
0.734
0.414
0.719
0.730
0.858
0.148
0.413
0.453
0.110
1.030
0.828
0.896
0.219
0.849
1.059
0.804
0.928
0.712
0.815
0.535
0.592
0.969
0.168
0.210
0.187
0.120
0.804
0.507
0.695
0.675
0.540
0.435
0.559
0.189
0.361
0.733
0.118
0.423
0.744
0.462
0.509
0.203
0.194
0.373
0.876
1.029
1.026
1.034
0.116
0.355
0.788
0.227
0.274
0.276
0.475
0.263
0.456
0.472
0.236
0.519
0.590
0.170
0.549
0.933
0.218
0.568
0.588
0.687
0.239
0.397
0.999
1.031
0.349
1.050
0.223
0.522
0.616
0.666
1.021
0.155
0.323
1.052
1.044
0.241
0.240
0.891
0.181
0.995
0.240
0.338
0.601
0.530
0.283
1.027
0.139
0.635
0.212
0.245
0.881
0.387
0.701
0.680
0.293
0.451
0.869
0.930
1.055
0.204
0.355
0.490
0.370
0.659
0.330
0.843
1.089
0.186
0.702
0.432
0.959
0.190
0.897
0.229
0.961
0.806
0.410
0.761
0.448
0.881
0.336
1.010
0.533
0.369
0.468
1.029
0.851
0.230
0.399
0.884
1.043
0.646
0.852
0.260
0.200
0.673
0.324
0.928
0.570
0.154
0.319
0.628
0.303
0.541
0.995
0.867
0.684
0.236
0.174
0.385
0.117
0.531
0.308
0.309
0.605
0.355
0.722
0.456
0.241
1.074
0.292
0.875
1.006
1.042
0.191
0.900
0.264
0.685
0.218
0.852
0.278
0.679
0.504
0.817
0.179
0.660
1.004
1.036
0.396
0.594
0.933
0.898
0.836
0.275
0.290
0.921
1.045
0.712
0.482
0.432
0.764
0.293
0.965
0.194
0.907
0.909
0.792
0.400
0.447
0.418
