0.070
0.080
0.097
0.080
0.055
0.091
0.056
0.052
0.058
0.059
0.071
0.083
0.057
0.069
0.080
0.070
0.083
0.050
0.085
0.060
0.051
0.100
0.096
0.089
0.098
0.051
0.082
0.099
0.063
0.068
0.096
0.063
0.099
0.055
0.077
0.092
0.096
0.090
0.081
0.084
0.060
0.078
0.084
0.061
0.092
0.088
0.073
0.075
0.072
0.092
0.053
0.081
0.063
0.072
0.073
0.076
0.057
0.085
0.089
0.075
0.070
0.086
0.076
0.050
0.074
0.097
0.052
0.072
0.059
0.063
0.075
0.078
0.053
0.079
0.080
0.055
0.061
0.098
0.098
0.074
0.086
0.091
0.063
0.058
0.092
0.055
0.058
0.064
0.051
0.092
0.065
0.050
0.085
0.089
0.081
0.054
0.082
0.051
0.087
0.082
0.055
0.085
0.057
0.076
0.063
0.053
0.051
0.090
0.080
0.099
0.092
0.085
0.086
0.076
0.056
0.053
0.079
0.083
0.068
0.077
0.085
0.076
0.062
0.050
0.099
0.096
0.094
0.057
0.093
0.098
0.076
0.063
0.087
0.067
0.053
0.083
0.071
0.059
0.065
0.091
0.061
0.069
0.074
0.052
0.050
0.074
0.067
0.084
0.053
0.094
0.070
0.082
0.091
0.082
0.088
0.056
0.056
0.075
0.070
0.079
0.093
0.055
0.074
0.058
0.070
0.097
0.054
0.050
0.080
0.065
0.090
0.088
0.054
0.070
0.087
0.058
0.077
0.068
0.068
0.076
0.076
0.087
0.095
0.061
0.069
0.055
0.098
0.063
0.090
0.064
0.056
0.056
0.093
0.072
0.064
0.072
0.088
0.058
0.090
0.093
0.057
0.098
0.094
0.064
0.084
0.070
0.060
0.084
0.084
0.070
0.100
0.099
0.084
0.084
0.063
0.063
0.059
0.083
0.079
0.074
0.063
0.085
0.099
0.077
0.067
0.089
0.055
0.078
0.054
0.072
0.072
0.075
0.070
0.052
0.074
0.074
0.076
0.090
0.075
0.067
0.083
0.066
0.097
0.099
0.097
0.052
0.063
0.075
0.057
0.088
0.072
0.062
0.095
0.082
0.099
0.054
0.077
0.097
0.050
0.088
0.056
0.063
0.080
0.084
0.071
0.054
0.054
0.058
0.078
0.097
0.065
0.067
0.092
0.078
0.097
0.084
0.080
0.067
0.063
0.089
0.072
0.062
0.095
0.092
0.069
0.078
0.075
0.058
0.077
0.056
0.090
0.079
0.067
0.080
0.095
0.077
0.050
0.079
0.059
0.061
0.069
0.089
0.064
0.055
0.085
0.074
0.075
0.085
0.070
0.089
0.059
0.065
0.073
0.074
0.082
0.088
0.097
0.089
0.055
0.089
0.093
0.069
0.086
0.081
0.057
0.079
0.086
0.070
0.095
0.058
0.090
0.082
0.061
0.056
0.095
0.083
0.050
0.061
0.090
0.100
0.083
0.093
0.068
0.063
0.085
0.093
0.097
0.078
0.079
0.085
0.084
0.076
0.093
0.078
0.084
0.069
0.086
0.078
0.070
0.100
0.091
0.085
0.069
0.089
0.096
0.092
0.097
0.078
0.067
0.058
0.089
0.073
0.082
0.053
0.088
0.094
0.079
0.083
0.070
0.061
0.055
0.071
0.067
0.084
0.083
0.081
0.079
0.066
0.090
0.055
0.050
0.051
0.057
0.099
0.055
0.071
0.079
0.074
0.100
0.098
0.084
0.077
0.096
0.081
0.084
0.099
0.100
0.062
0.098
0.096
0.093
0.081
0.083
0.068
0.052
0.085
0.079
0.058
0.059
0.064
0.087
0.077
0.073
0.099
0.068
0.081
0.077
0.078
0.099
0.065
0.097
0.051
0.080
0.100
0.052
0.069
0.050
0.099
0.050
0.094
0.060
0.053
0.080
0.057
0.089
0.063
0.070
0.064
0.083
0.054
0.081
0.086
0.094
0.091
0.053
0.061
0.051
0.072
0.060
0.071
0.051
0.083
0.064
0.093
0.080
0.094
0.062
0.074
0.069
0.081
0.074
0.081
0.062
0.097
0.061
0.084
0.056
0.054
0.084
0.090
0.070
0.087
0.093
0.092
0.061
0.074
0.051
0.078
0.062
0.096
0.057
0.079
0.057
0.093
0.055
0.054
0.092
0.072
0.095
0.089
0.080
0.057
0.065
0.064
0.061
0.079
0.055
0.068
0.066
0.079
0.085
0.088
0.063
0.094
0.079
0.056
0.097
0.070
0.050
0.097
0.091
0.061
0.059
0.054
0.069
0.053
0.069
0.082
0.099
0.097
0.100
0.069
0.070
0.090
0.063
0.067
0.085
0.052
0.076
0.086
0.091
0.057
0.063
0.064
0.077
0.059
0.057
0.090
0.050
0.061
0.064
0.051
0.055
0.077
0.068
0.052
0.094
0.052
0.098
0.099
0.067
0.073
0.068
0.083
0.079
0.091
0.065
0.070
0.100
0.055
0.075
0.056
0.096
0.073
0.064
0.071
0.053
0.067
0.070
0.093
0.075
0.051
0.055
0.096
0.068
0.064
0.085
0.072
0.052
0.052
0.094
0.100
0.088
0.091
0.092
0.080
0.055
0.073
0.096
0.090
0.083
0.073
0.062
0.056
0.079
0.089
0.066
0.070
0.060
0.095
0.099
0.073
0.083
0.064
0.097
0.055
0.092
0.080
0.089
0.093
0.072
0.098
0.074
0.080
0.089
0.061
0.090
0.091
0.056
0.074
0.060
0.074
0.080
0.093
0.071
0.061
0.090
0.064
0.064
0.100
0.086
0.091
0.087
0.087
0.088
0.062
0.097
0.063
0.086
0.063
0.089
0.095
0.098
0.057
0.059
0.053
0.077
0.096
0.072
0.096
0.068
0.090
0.078
0.080
0.067
0.085
0.063
0.081
0.084
0.077
0.054
0.099
0.057
0.080
0.100
0.084
0.092
0.067
0.094
0.070
0.051
0.091
0.087
0.095
0.093
0.097
0.070
0.075
0.074
0.091
0.050
0.077
0.085
0.081
0.086
0.071
0.060
0.099
0.062
0.092
0.071
0.094
0.060
0.053
0.060
0.077
0.056
0.079
0.100
0.064
0.059
0.095
0.069
0.090
0.083
0.058
0.087
0.088
0.059
0.079
0.083
0.091
0.055
0.065
0.062
0.066
0.061
0.092
0.083
0.058
0.092
0.099
0.056
0.076
0.075
0.077
0.055
0.072
0.066
0.079
0.083
0.078
0.086
0.100
0.077
0.050
0.051
0.078
0.080
0.054
0.063
0.064
0.076
0.057
0.082
0.079
0.074
0.057
0.094
0.100
0.051
0.061
0.071
0.098
0.052
0.058
0.074
0.053
0.062
0.089
0.098
0.089
0.056
0.094
0.087
0.091
0.074
0.082
0.076
0.084
0.068
0.085
0.093
0.082
0.065
0.062
0.052
0.099
0.061
0.093
0.052
0.052
0.074
0.068
0.074
0.071
0.090
0.080
0.060
0.058
0.086
0.079
0.086
0.068
0.096
0.095
0.099
0.053
0.068
0.084
0.094
0.087
0.067
0.061
0.094
0.069
0.072
0.063
0.052
0.063
0.062
0.090
0.062
0.084
0.063
0.068
0.069
0.056
0.064
0.051
0.064
0.068
0.076
0.081
0.080
0.092
0.063
0.076
0.097
0.064
0.063
0.086
0.066
0.095
0.052
0.100
0.069
0.095
0.098
0.079
0.089
0.071
0.065
0.081
0.098
0.060
0.092
0.097
0.060
0.064
0.082
0.100
0.086
0.079
0.059
0.070
0.074
0.065
0.051
0.071
0.091
0.072
0.074
0.075
0.094
0.084
0.066
0.083
0.067
0.053
0.071
0.057
0.065
0.084
0.079
0.063
0.081
0.055
0.064
0.096
0.092
0.092
0.050
0.056
0.072
0.050
0.085
0.071
0.067
0.089
