3002500.0
4177000.0
775000.0
172000.0
4136500.0
2084500.0
703000.0
4946500.0
4802500.0
1265500.0
3448000.0
946000.0
2507500.0
1963000.0
1639000.0
1945000.0
3205000.0
2782000.0
2485000.0
1931500.0
928000.0
4397500.0
3623500.0
1526500.0
1828000.0
775000.0
4433500.0
2188000.0
3295000.0
4690000.0
2804500.0
4253500.0
4852000.0
4564000.0
4604500.0
2935000.0
2651500.0
361000.0
3925000.0
2215000.0
374500.0
1801000.0
514000.0
2341000.0
563500.0
2939500.0
3515500.0
3866500.0
2642500.0
4001500.0
2773000.0
2224000.0
2305000.0
959500.0
4127500.0
1666000.0
4334500.0
977500.0
1274500.0
379000.0
3862000.0
604000.0
257500.0
1828000.0
3416500.0
2836000.0
3848500.0
3214000.0
3677500.0
649000.0
2899000.0
4438000.0
3907000.0
734500.0
3200500.0
3137500.0
671500.0
3763000.0
2759500.0
379000.0
4951000.0
883000.0
3772000.0
2269000.0
2786500.0
2858500.0
1144000.0
1094500.0
4262500.0
1909000.0
4730500.0
3272500.0
3407500.0
455500.0
1886500.0
4420000.0
347500.0
1666000.0
104500.0
4595500.0
1756000.0
2863000.0
4573000.0
4253500.0
3934000.0
4055500.0
1918000.0
2390500.0
2053000.0
1211500.0
4199500.0
392500.0
3745000.0
3736000.0
2642500.0
4946500.0
3682000.0
3205000.0
2305000.0
2791000.0
752500.0
4838500.0
3538000.0
4919500.0
550000.0
1958500.0
2030500.0
3655000.0
4393000.0
388000.0
1558000.0
568000.0
3124000.0
1238500.0
1346500.0
3727000.0
3457000.0
2764000.0
1283500.0
4987000.0
892000.0
1004500.0
275500.0
1427500.0
3997000.0
2908000.0
878500.0
1864000.0
2228500.0
293500.0
3794500.0
4888000.0
532000.0
3218500.0
1319500.0
4244500.0
4901500.0
2273500.0
4231000.0
1976500.0
3596500.0
4208500.0
1657000.0
4807000.0
721000.0
167500.0
217000.0
3133000.0
127000.0
4051000.0
1936000.0
4109500.0
2494000.0
1283500.0
1346500.0
2512000.0
4658500.0
2305000.0
415000.0
2782000.0
2260000.0
1639000.0
1135000.0
3551500.0
4258000.0
3556000.0
1729000.0
1828000.0
550000.0
1211500.0
2282500.0
1504000.0
599500.0
2971000.0
4789000.0
3371500.0
1256500.0
559000.0
2327500.0
1787500.0
2845000.0
770500.0
1747000.0
4082500.0
1558000.0
3718000.0
4235500.0
1661500.0
1085500.0
2876500.0
2764000.0
3655000.0
1472500.0
2633500.0
2791000.0
2503000.0
1328500.0
3988000.0
4874500.0
271000.0
815500.0
1328500.0
4744000.0
5000500.0
1670500.0
3326500.0
433000.0
869500.0
2008000.0
3979000.0
2701000.0
4069000.0
3614500.0
2431000.0
3421000.0
4735000.0
1733500.0
4492000.0
2728000.0
3380500.0
3412000.0
230500.0
1265500.0
4816000.0
838000.0
2647000.0
3362500.0
977500.0
3943000.0
1873000.0
1360000.0
4622500.0
4987000.0
401500.0
4438000.0
4127500.0
1153000.0
4559500.0
1927000.0
442000.0
2723500.0
158500.0
401500.0
325000.0
2849500.0
4303000.0
3443500.0
3178000.0
4559500.0
2503000.0
739000.0
3889000.0
685000.0
1981000.0
1711000.0
3893500.0
2800000.0
1558000.0
1157500.0
3884500.0
3547000.0
1351000.0
2876500.0
3155500.0
2003500.0
2179000.0
599500.0
2732500.0
1571500.0
4546000.0
1126000.0
1526500.0
1306000.0
1972000.0
1828000.0
838000.0
1328500.0
1684000.0
3884500.0
140500.0
4663000.0
2278000.0
3299500.0
257500.0
3745000.0
2017000.0
4303000.0
2111500.0
851500.0
2818000.0
4496500.0
1612000.0
2138500.0
2507500.0
1949500.0
5000500.0
3610000.0
3344500.0
320500.0
3070000.0
3547000.0
1900000.0
946000.0
4249000.0
4177000.0
2921500.0
3475000.0
572500.0
2566000.0
2287000.0
1418500.0
4541500.0
100000.0
2224000.0
3353500.0
4928500.0
2201500.0
4955500.0
4964500.0
1045000.0
1661500.0
3682000.0
491500.0
4015000.0
1463500.0
1738000.0
1580500.0
505000.0
4982500.0
2075500.0
4492000.0
541000.0
1693000.0
2165500.0
2660500.0
3583000.0
2966500.0
536500.0
2899000.0
4064500.0
1882000.0
2687500.0
311500.0
4928500.0
1670500.0
3997000.0
289000.0
3434500.0
3961000.0
3034000.0
2575000.0
1220500.0
2471500.0
3029500.0
4019500.0
4676500.0
1891000.0
4262500.0
2525500.0
3457000.0
3110500.0
4757500.0
851500.0
3956500.0
185500.0
352000.0
896500.0
4510000.0
4330000.0
1436500.0
1675000.0
3884500.0
1360000.0
3187000.0
1666000.0
4096000.0
3992500.0
1738000.0
2440000.0
4262500.0
3430000.0
1387000.0
833500.0
2138500.0
140500.0
3515500.0
680500.0
703000.0
4114000.0
658000.0
4753000.0
1693000.0
3907000.0
2026000.0
4420000.0
2251000.0
2575000.0
2494000.0
2755000.0
761500.0
154000.0
1450000.0
122500.0
2786500.0
410500.0
1882000.0
1603000.0
4348000.0
1670500.0
1247500.0
3398500.0
1981000.0
2030500.0
2201500.0
3164500.0
1378000.0
2854000.0
181000.0
2305000.0
1769500.0
4411000.0
3673000.0
2264500.0
590500.0
4249000.0
1522000.0
4915000.0
4316500.0
3844000.0
2849500.0
2255500.0
4384000.0
2507500.0
1652500.0
2449000.0
901000.0
4190500.0
3974500.0
671500.0
3124000.0
3340000.0
4712500.0
2552500.0
2980000.0
3479500.0
2944000.0
1274500.0
2728000.0
3124000.0
3578500.0
2971000.0
1765000.0
2395000.0
1283500.0
2359000.0
3965500.0
2021500.0
1324000.0
298000.0
3187000.0
3511000.0
4006000.0
1324000.0
1630000.0
2678500.0
1468000.0
1081000.0
3119500.0
244000.0
4433500.0
1468000.0
4375000.0
671500.0
3173500.0
1247500.0
3893500.0
3421000.0
1625500.0
1850500.0
2084500.0
905500.0
4658500.0
1720000.0
4519000.0
3389500.0
1360000.0
2372500.0
1940500.0
2692000.0
811000.0
3151000.0
3025000.0
244000.0
3101500.0
914500.0
4195000.0
1517500.0
734500.0
4906000.0
4811500.0
365500.0
1801000.0
4447000.0
1562500.0
3178000.0
4037500.0
2552500.0
1589500.0
554500.0
1864000.0
4100500.0
1220500.0
2431000.0
338500.0
3295000.0
3722500.0
622000.0
3047500.0
185500.0
4933000.0
568000.0
1535500.0
2152000.0
3371500.0
1661500.0
3515500.0
1864000.0
4649500.0
4663000.0
1603000.0
1814500.0
3403000.0
3128500.0
1684000.0
2152000.0
2372500.0
3862000.0
4573000.0
1495000.0
3979000.0
1180000.0
3740500.0
1360000.0
4217500.0
4042000.0
2813500.0
545500.0
4352500.0
257500.0
3799000.0
1315000.0
1036000.0
878500.0
3916000.0
2561500.0
4267000.0
3992500.0
2912500.0
1256500.0
1310500.0
4784500.0
4901500.0
2530000.0
590500.0
3614500.0
761500.0
4717000.0
3137500.0
1751500.0
550000.0
3533500.0
4303000.0
4078000.0
3911500.0
4406500.0
1720000.0
3272500.0
1526500.0
1787500.0
725500.0
2935000.0
4586500.0
3092500.0
4447000.0
1679500.0
199000.0
4541500.0
3632500.0
4073500.0
3520000.0
3952000.0
3974500.0
4456000.0
4564000.0
4528000.0
937000.0
2512000.0
4784500.0
3407500.0
2642500.0
4676500.0
280000.0
244000.0
4996000.0
3493000.0
3664000.0
4897000.0
4316500.0
4762000.0
1171000.0
3884500.0
3133000.0
3574000.0
3596500.0
4357000.0
4973500.0
2741500.0
4348000.0
3664000.0
3178000.0
1265500.0
928000.0
3866500.0
3898000.0
3655000.0
338500.0
4640500.0
3857500.0
100000.0
3169000.0
428500.0
2422000.0
4753000.0
2512000.0
685000.0
1297000.0
631000.0
1472500.0
2309500.0
4762000.0
2642500.0
325000.0
415000.0
3169000.0
3272500.0
2098000.0
1751500.0
2696500.0
4118500.0
1702000.0
2899000.0
4483000.0
1396000.0
2489500.0
2701000.0
3029500.0
2246500.0
3808000.0
1864000.0
730000.0
1778500.0
4046500.0
1054000.0
1265500.0
887500.0
2012500.0
374500.0
190000.0
3142000.0
4105000.0
1112500.0
2840500.0
1558000.0
2962000.0
2831500.0
4631500.0
1823500.0
4163500.0
581500.0
1459000.0
3848500.0
1085500.0
4667500.0
1841500.0
1544500.0
1346500.0
4910500.0
3227500.0
3263500.0
4604500.0
1621000.0
4730500.0
2894500.0
3331000.0
856000.0
4433500.0
2458000.0
4829500.0
3385000.0
1130500.0
4541500.0
1139500.0
3952000.0
4406500.0
4712500.0
3970000.0
2665000.0
410500.0
3205000.0
118000.0
104500.0
4582000.0
4600000.0
4951000.0
1549000.0
1733500.0
2921500.0
2332000.0
3290500.0
4159000.0
3997000.0
199000.0
2507500.0
3655000.0
293500.0
2494000.0
2327500.0
2134000.0
2687500.0
4213000.0
514000.0
4654000.0
3443500.0
3952000.0
3695500.0
2921500.0
2638000.0
4483000.0
4681000.0
4820500.0
662500.0
514000.0
3110500.0
2606500.0
3520000.0
4559500.0
2656000.0
4730500.0
694000.0
2255500.0
2399500.0
4807000.0
613000.0
4339000.0
2309500.0
505000.0
2138500.0
208000.0
3227500.0
2336500.0
2611000.0
3754000.0
3277000.0
2530000.0
1315000.0
1279000.0
4996000.0
1342000.0
4127500.0
3947500.0
1319500.0
874000.0
3727000.0
1607500.0
1585000.0
2138500.0
2728000.0
140500.0
4370500.0
2912500.0
1477000.0
1616500.0
1009000.0
793000.0
4249000.0
2422000.0
1958500.0
1792000.0
3902500.0
212500.0
239500.0
2287000.0
1999000.0
3434500.0
428500.0
4123000.0
1220500.0
3029500.0
2651500.0
338500.0
4915000.0
4807000.0
2566000.0
3988000.0
1972000.0
4429000.0
838000.0
4433500.0
599500.0
1036000.0
1148500.0
2512000.0
784000.0
3839500.0
140500.0
2386000.0
2867500.0
685000.0
3079000.0
1819000.0
2782000.0
4321000.0
523000.0
3565000.0
4091500.0
4825000.0
3281500.0
860500.0
2179000.0
1927000.0
3772000.0
2381500.0
2089000.0
3218500.0
3538000.0
572500.0
3970000.0
707500.0
2048500.0
3880000.0
802000.0
2575000.0
4375000.0
1414000.0
4258000.0
757000.0
1679500.0
3268000.0
2368000.0
3493000.0
892000.0
3569500.0
4654000.0
2305000.0
1693000.0
1054000.0
1684000.0
3470500.0
4267000.0
4244500.0
2440000.0
3745000.0
4672000.0
2984500.0
2773000.0
415000.0
545500.0
1585000.0
2093500.0
662500.0
4811500.0
3979000.0
4636000.0
2525500.0
2795500.0
955000.0
1274500.0
2543500.0
1373500.0
3956500.0
1445500.0
