-0.23
-2.99
-5.49
-3.75
-5.23
-2.49
-9.30
-7.67
-4.84
-8.26
-7.01
-6.93
-1.22
-8.12
-3.20
-0.76
-9.86
-5.90
-2.13
-0.26
-0.03
-1.05
-8.59
-0.09
-4.02
-5.63
-3.03
-2.22
-1.14
-7.81
-1.63
-9.03
-0.34
-9.22
-4.18
-6.13
-1.00
-7.49
-5.43
-4.25
-8.44
-8.76
-3.88
-4.36
-6.61
-5.32
-2.41
-8.05
-9.28
-2.81
-5.16
-5.93
-0.88
-7.07
-8.92
-7.63
-2.94
-3.28
-7.39
-6.55
-0.81
-1.79
-0.09
-5.35
-0.70
-1.28
-3.45
-4.26
-0.54
-6.50
-8.60
-5.07
-5.74
-4.69
-1.11
-3.41
-5.75
-1.27
-3.65
-1.60
-1.49
-7.88
-3.85
-7.05
-4.55
-8.35
-8.39
-5.25
-1.79
-6.15
-2.28
-2.26
-0.59
-2.41
-3.13
-3.68
-5.37
-5.03
-8.58
-8.09
-4.47
-1.64
-4.67
-3.77
-2.93
-1.25
-0.54
-8.83
-9.91
-7.38
-3.10
-5.14
-2.52
-9.23
-7.28
-3.84
-1.59
-4.07
-5.38
-6.76
-2.31
-0.31
-6.05
-3.00
-6.43
-4.09
-4.28
-1.59
-6.56
-3.40
-9.62
-0.53
-3.83
-7.95
-5.22
-0.14
-5.96
-7.10
-0.04
-5.56
-2.53
-1.78
-0.69
-0.34
-9.48
-3.88
-0.85
-1.07
-3.13
-6.80
-8.46
-5.66
-2.87
-5.31
-3.07
-6.36
-8.18
-1.68
-0.98
-5.48
-0.52
-4.55
-3.09
-3.85
-8.82
-7.25
-6.19
-0.30
-3.65
-3.43
-0.55
-6.21
-1.50
-6.25
-3.86
-6.81
-1.25
-1.71
-0.16
-3.59
-3.89
-9.22
-3.26
-1.57
-0.20
-3.21
-4.83
-9.41
-9.28
-5.67
-6.19
-4.16
-4.09
-4.62
-3.94
-2.28
-0.16
-3.39
-8.97
-3.72
-9.97
-7.01
-5.64
-7.23
-6.69
-0.42
-6.63
-9.75
-0.00
-0.80
-8.40
-0.50
-2.56
-9.02
-1.22
-6.90
-8.94
-5.56
-3.13
-5.31
-7.43
-1.22
-5.36
-7.89
-1.91
-5.63
-7.74
-7.71
-2.82
-7.41
-3.22
-6.59
-0.27
-4.44
-3.65
-5.45
-8.21
-1.73
-0.05
-4.86
-3.34
-7.11
-3.93
-1.05
-4.32
-8.87
-9.53
-0.73
-2.25
-9.01
-4.36
-2.92
-8.34
-3.35
-4.42
-6.63
-2.92
-7.09
-8.78
-7.94
-0.53
-7.88
-2.04
-8.65
-3.42
-1.68
-5.81
-2.98
-0.99
-3.97
-8.26
-4.51
-0.50
-7.44
-9.17
-5.86
-1.71
-2.45
-4.31
-5.11
-8.41
-7.04
-8.87
-5.80
-9.38
-3.57
-1.52
-3.66
-7.84
-8.19
-9.71
-3.06
-7.84
-3.49
-5.28
-8.24
-0.06
-2.64
-2.26
-3.27
-0.02
-1.44
-0.95
-5.32
-5.07
-4.84
-6.12
-8.66
-6.76
-9.35
-2.93
-2.02
-0.79
-4.17
-1.61
-8.95
-2.96
-5.96
-9.52
-7.30
-6.05
-3.89
-5.53
-8.42
-8.34
-2.10
-9.66
-4.69
-8.75
-1.84
-7.24
-2.68
-5.71
-5.27
-2.07
-6.70
-9.85
-1.48
-1.07
-7.43
-6.97
-6.44
-7.47
-5.58
-0.63
-2.18
-5.99
-4.21
-2.14
-0.52
-0.95
-4.49
-5.42
-4.72
-5.30
-4.24
-6.97
-7.09
-9.48
-1.22
-4.70
-9.26
-2.23
-1.52
-2.63
-7.15
-0.62
-6.48
-7.06
-4.50
-7.63
-6.03
-5.39
-1.00
-4.97
-5.93
-6.62
-8.46
-3.51
-3.99
-6.15
-6.44
-7.80
-6.21
-1.52
-3.07
-8.60
-1.38
-9.51
-4.78
-9.46
-5.14
-5.82
-2.24
-2.95
-7.84
-4.15
-9.25
-0.32
-1.74
-9.18
-0.83
-3.57
-1.71
-0.43
-4.60
-6.96
-3.62
-6.08
-4.88
-3.09
-3.48
-9.42
-4.29
-1.44
-4.96
-6.48
-0.81
-4.83
-6.81
-9.94
-2.74
-6.80
-8.86
-5.12
-1.64
-9.99
-0.33
-9.53
-4.50
-0.47
-9.29
-1.14
-5.31
-4.10
-5.87
-3.26
-2.92
-1.96
-2.57
-6.44
-0.91
-4.18
-6.55
-0.78
-7.52
-9.01
-1.08
-4.87
-1.99
-3.37
-5.35
-2.41
-9.23
-5.89
-2.50
-6.08
-5.35
-0.07
-5.75
-8.07
-6.63
-3.80
-0.31
-7.08
-7.12
-8.26
-2.32
-9.48
-6.45
-3.33
-8.36
-0.71
-5.21
-8.95
-5.28
-4.08
-3.36
-6.70
-8.02
-6.16
-9.11
-1.65
-8.09
-1.67
-1.93
-2.51
-2.99
-4.17
-6.27
-6.28
-2.12
-5.19
-1.58
-3.69
-7.08
-3.28
-2.36
-8.03
-4.15
-4.22
-3.68
-0.09
-7.62
-0.77
-2.55
-8.98
-5.85
-3.50
-3.05
-4.73
-2.30
-9.50
-0.70
-8.03
-5.51
-8.56
-8.67
-9.32
-9.37
-2.93
-3.87
-7.04
-0.16
-5.63
-5.51
-4.04
-5.37
-4.58
-7.72
-0.52
-8.94
-5.65
-4.06
-1.17
-3.05
-2.20
-7.17
-8.40
-0.43
-0.35
-3.32
-6.87
-7.36
-8.43
-4.29
-9.66
-0.54
-0.28
-0.33
-3.03
-6.06
-6.83
-8.15
-4.63
-4.03
-5.28
-7.31
-7.31
-8.17
-6.34
-2.46
-2.88
-8.89
-9.32
-0.16
-0.23
-9.14
-2.83
-3.95
-9.40
-8.52
-3.37
-2.48
-1.38
-6.05
-6.04
-3.54
-6.21
-6.15
-1.95
-7.15
-4.56
-3.97
-6.51
-3.45
-9.47
-5.77
-6.95
-4.73
-4.98
-8.61
-7.82
-2.37
-8.49
-6.48
-5.14
-6.02
-2.85
-9.07
-1.17
-7.45
-1.48
-9.52
-0.80
-4.48
-1.01
-1.41
-3.22
-6.24
-7.33
-2.14
-2.15
-3.22
-5.29
-6.76
-8.41
-9.96
-1.30
-6.24
-4.44
-6.59
-9.71
-7.52
-2.67
-3.97
-5.95
-0.85
-1.03
-1.00
-3.90
-3.42
-7.06
-9.46
-8.86
-8.47
-7.15
-5.39
-5.98
-3.73
-1.48
-6.43
-3.21
-6.82
-9.17
-9.86
-4.41
-2.97
-6.16
-8.95
-1.33
-6.43
-6.21
-2.08
-6.50
-6.86
-6.29
-0.34
-5.02
-1.87
-6.39
-0.95
-4.60
-6.27
-9.48
-9.54
-0.01
-9.76
-6.97
-7.92
-5.81
-6.42
-3.18
-0.38
-9.99
-9.73
-3.67
-6.96
-2.07
-6.65
-0.99
-2.74
-3.60
-5.63
-3.70
-3.26
-8.85
-6.74
-2.56
-5.44
-0.59
-0.46
-4.25
-4.42
-7.41
-9.32
-5.39
-7.10
-1.06
-5.96
-9.37
-5.99
-1.90
-3.28
-2.89
-3.68
-4.19
-3.97
-4.83
-3.84
-7.08
-8.01
-7.03
-2.34
-9.60
-0.78
-1.13
-0.18
-9.96
-2.21
-4.60
-9.93
-1.49
-9.76
-1.51
-9.40
-6.59
-9.30
-1.40
-1.80
-7.91
-7.94
-8.80
-3.87
-0.50
-3.87
-0.70
-8.37
-8.00
-9.38
-9.25
-7.59
-9.34
-5.14
-9.15
-0.10
-8.91
-3.38
-6.05
-2.32
-9.70
-7.33
-2.61
-1.24
-6.90
-7.09
-3.39
-5.17
-5.68
-7.44
-2.70
-1.88
-8.80
-8.48
-4.17
-0.47
-8.71
-0.62
-9.08
-6.20
-3.88
-3.27
-1.11
-0.88
-0.18
-5.40
-2.78
-2.72
-3.39
-1.55
-8.51
-4.53
-9.19
-9.64
-0.88
-6.10
-9.30
-1.34
-1.18
-5.70
-0.72
-4.92
-6.22
-1.79
-3.66
-5.41
-1.49
-7.11
-8.13
-9.16
-4.43
-6.04
-3.64
-7.74
-4.86
-2.12
-3.15
-6.45
-1.12
-5.31
-3.93
-7.53
-8.67
-3.38
-6.04
-6.53
-9.84
-5.25
-5.32
-4.62
-8.46
-3.42
-8.12
-4.27
-6.01
-0.99
-3.45
-8.28
-1.37
-1.26
-1.65
-6.31
-9.30
-7.05
-7.30
-8.35
-2.63
-1.41
-9.82
-1.73
-2.35
-2.06
-5.03
-4.98
-9.24
-7.09
-5.99
-4.65
-2.25
-0.33
-5.71
-8.36
-1.61
-7.64
-1.45
-8.03
-2.14
-2.70
-1.84
-6.16
-0.68
-6.96
-5.54
-9.27
-0.68
-4.54
-9.85
-6.50
-3.47
-1.91
-0.16
-7.94
-1.40
-8.65
-6.68
-0.25
-6.90
-0.44
-9.54
-7.85
-8.21
-9.55
-8.43
-6.98
-3.55
-2.25
-7.31
-9.30
-6.83
-1.36
-4.47
-7.52
-9.42
-9.26
-9.79
-2.70
-8.79
-8.00
-2.86
-6.33
-9.86
