0.109
0.218
0.302
0.315
0.208
0.063
0.197
0.469
0.143
0.088
0.051
0.267
-0.039
0.220
0.304
0.093
0.036
0.460
0.404
0.145
0.262
0.342
0.447
0.269
0.186
0.411
0.178
0.289
0.494
0.308
0.197
0.155
0.490
0.103
0.021
0.464
0.180
0.316
0.340
0.281
0.025
0.295
0.005
0.351
0.163
0.011
0.155
0.008
0.372
0.195
0.103
0.307
0.398
0.111
0.369
0.334
0.418
0.351
0.193
-0.027
0.103
0.068
0.135
0.199
0.415
0.159
0.124
-0.008
0.246
0.327
0.234
0.004
0.186
0.098
0.168
0.283
-0.006
-0.042
0.433
0.082
0.072
0.357
0.077
0.043
0.134
0.304
0.389
0.243
-0.018
0.101
0.417
0.053
0.470
0.164
0.484
0.419
0.452
0.087
0.043
0.314
0.222
0.421
0.305
0.097
0.407
0.445
0.086
0.281
0.230
0.181
0.183
0.392
0.436
0.005
0.185
0.076
0.198
0.163
0.001
0.047
0.332
0.028
0.406
0.062
0.104
-0.049
0.149
-0.014
0.142
0.467
0.214
0.247
-0.034
0.141
0.240
0.064
-0.047
0.245
0.245
0.128
0.460
0.429
0.216
0.239
0.372
0.327
-0.039
0.324
0.118
0.102
-0.033
0.042
0.108
0.228
0.421
0.233
0.220
0.201
0.392
0.337
-0.048
0.333
-0.038
0.322
0.230
0.254
-0.006
0.349
0.434
0.282
0.267
0.125
0.041
0.010
0.094
0.331
0.261
0.288
0.476
0.392
0.301
0.432
0.111
0.060
-0.046
0.191
-0.046
0.338
0.362
0.197
-0.011
0.245
0.285
0.072
0.343
0.264
0.355
0.336
0.023
0.074
0.278
0.246
0.095
0.005
0.293
0.462
0.358
0.098
0.175
0.119
0.186
0.171
0.245
0.354
0.500
0.263
0.348
0.050
0.465
0.346
0.460
0.304
0.024
0.118
0.275
0.453
0.360
0.296
0.425
0.256
0.208
0.067
0.384
0.492
0.055
0.011
0.088
-0.021
-0.040
0.285
0.197
0.015
-0.044
0.329
0.457
0.059
0.065
0.415
0.219
-0.041
0.050
0.045
0.124
0.117
0.326
0.494
0.239
0.216
0.145
0.253
0.016
0.164
0.130
-0.046
0.470
0.430
0.456
0.069
0.340
-0.010
0.361
0.180
0.361
0.202
-0.033
0.073
0.083
0.016
0.478
0.122
0.406
0.492
0.227
0.244
0.184
0.038
0.354
0.424
0.298
-0.023
0.307
0.285
0.167
0.090
0.376
0.211
0.476
-0.006
0.308
0.270
0.026
-0.046
0.247
0.124
0.494
0.137
0.499
0.030
0.290
0.316
0.249
0.494
0.200
0.235
0.375
0.376
0.034
0.014
0.152
0.126
0.269
0.233
0.007
0.373
0.240
0.429
0.466
0.388
0.485
0.112
0.161
0.239
0.480
0.324
-0.018
0.371
-0.046
0.101
0.204
0.064
0.231
-0.030
0.076
0.009
0.242
0.135
0.006
0.474
0.467
-0.005
0.054
0.212
0.454
0.461
0.463
0.412
0.137
0.367
0.048
0.286
0.055
0.444
0.169
0.030
0.205
0.266
0.215
0.253
0.431
0.441
0.319
0.204
0.110
0.378
-0.018
0.274
0.046
0.115
0.101
0.386
0.425
0.035
0.145
0.286
0.023
-0.017
0.130
0.268
0.358
0.146
0.479
0.220
0.283
0.307
0.218
0.289
0.094
0.224
0.137
0.060
0.103
0.368
-0.022
-0.002
0.195
0.139
0.298
0.180
0.323
0.025
0.475
-0.029
0.191
0.257
0.359
0.414
0.151
0.453
0.384
0.162
0.455
-0.041
0.107
0.167
0.321
0.258
0.016
0.467
0.383
0.269
-0.038
0.020
0.451
-0.016
0.110
0.469
0.032
0.277
0.276
0.194
0.186
0.348
0.025
0.034
0.237
0.213
0.225
0.376
0.479
0.333
0.239
0.135
0.165
0.225
0.433
0.024
0.363
0.262
0.073
0.064
0.342
0.290
0.293
0.200
0.106
0.416
0.010
0.331
0.207
0.485
0.261
0.109
0.420
0.316
0.211
-0.031
0.115
0.498
0.404
0.361
0.492
0.381
0.073
-0.036
0.255
0.176
0.370
-0.015
0.073
0.386
0.044
0.408
0.394
0.453
0.071
0.494
0.033
0.013
0.282
0.060
0.380
0.231
0.130
0.259
0.345
0.198
0.427
0.291
0.176
0.291
0.298
0.208
0.326
0.326
0.278
0.327
0.275
-0.040
0.210
0.440
0.310
-0.037
0.466
0.357
0.105
0.334
0.422
0.171
0.335
0.034
0.079
0.052
0.465
0.202
0.131
-0.006
0.057
0.059
0.440
0.191
0.144
0.281
0.125
0.448
0.130
0.193
0.439
0.291
0.274
-0.014
0.258
0.067
0.183
0.084
0.083
0.128
0.253
0.411
0.391
0.176
0.328
0.473
0.216
-0.008
0.201
0.169
0.066
0.142
0.398
0.163
-0.030
0.101
0.390
0.199
0.273
0.125
0.212
0.375
0.136
0.368
0.374
0.254
0.119
0.251
0.060
0.421
0.275
0.009
0.134
0.390
0.300
0.086
0.278
0.219
0.281
0.340
0.244
0.500
0.293
0.459
0.334
0.039
0.211
0.475
0.261
0.271
0.043
0.464
0.456
0.150
0.235
0.370
0.107
0.372
0.208
0.182
0.306
0.179
0.493
0.262
0.185
0.139
0.349
0.011
0.218
0.011
0.044
0.461
0.222
0.326
0.400
0.235
0.488
0.499
0.080
0.321
0.166
0.454
-0.002
0.363
0.118
0.260
0.133
0.290
0.381
0.412
0.344
0.392
0.050
0.034
0.127
0.363
0.108
0.344
0.481
0.456
0.196
0.346
0.013
0.285
-0.030
0.324
0.055
0.089
0.039
0.287
0.399
0.400
0.472
0.020
0.072
0.452
0.333
0.072
0.446
0.232
0.103
0.417
0.166
0.193
0.335
0.468
0.111
0.117
0.486
0.381
0.117
0.212
0.388
0.488
0.444
0.291
0.469
0.020
0.371
0.095
-0.009
0.142
0.425
0.033
0.387
0.441
0.169
0.350
0.347
-0.032
0.378
0.023
0.272
0.356
0.231
0.023
0.321
0.290
0.192
0.262
0.406
0.185
0.489
0.412
0.411
0.445
0.325
0.138
-0.050
0.299
0.106
0.146
0.166
0.351
0.431
0.161
0.463
0.437
0.391
-0.040
0.290
0.226
0.310
0.453
0.166
0.332
0.446
0.087
0.428
0.196
0.393
0.455
0.403
0.146
0.320
-0.034
0.007
0.082
0.122
0.023
0.464
0.091
0.342
0.312
0.161
0.251
0.098
0.294
0.403
0.284
0.018
0.017
0.017
0.120
0.379
0.347
0.047
0.417
0.432
0.430
0.220
0.041
0.308
-0.021
0.093
0.340
0.265
0.065
0.451
-0.005
0.222
-0.044
0.043
0.068
0.444
-0.023
0.019
0.326
0.313
0.480
0.032
0.140
0.417
0.111
0.367
0.277
0.453
0.276
0.466
0.247
0.282
0.419
0.201
0.125
0.179
0.383
0.116
0.490
0.176
0.185
0.174
0.196
0.118
0.268
0.479
0.297
0.457
0.456
0.011
0.478
0.084
0.056
0.396
0.480
0.218
0.253
0.154
0.229
0.047
0.024
0.139
0.042
0.409
0.147
0.372
0.384
0.279
0.336
0.240
0.085
0.302
0.118
0.460
0.471
-0.030
0.152
0.419
0.270
0.294
0.403
0.328
-0.024
0.375
0.012
0.500
0.128
0.017
0.100
0.203
0.136
0.477
0.250
0.094
-0.048
0.287
0.270
0.422
0.065
0.365
0.407
0.293
0.115
0.382
0.031
0.320
0.184
0.005
0.105
0.420
-0.036
0.005
0.362
0.310
0.145
0.074
0.095
0.328
0.288
0.395
0.185
0.479
0.235
0.054
0.475
