0.271
0.953
0.478
0.259
0.730
0.177
0.764
0.368
1.078
0.415
0.858
0.415
0.493
0.793
0.405
0.427
0.818
0.229
0.429
0.615
0.443
0.243
0.298
0.285
0.826
1.017
0.932
0.128
0.424
1.016
0.136
0.917
0.171
0.110
0.509
0.403
0.621
0.199
0.684
1.007
0.218
0.468
0.468
0.480
0.353
1.021
0.762
0.288
0.290
0.602
0.842
0.399
0.515
0.478
0.261
0.870
0.500
0.713
0.844
1.009
0.366
0.269
0.674
1.075
0.542
0.805
0.383
0.462
1.035
0.238
0.786
0.155
0.352
0.205
0.341
0.747
1.053
0.392
0.716
0.158
0.853
0.375
0.357
0.393
0.967
0.450
0.270
0.818
0.270
1.030
0.952
1.082
0.563
0.634
0.265
0.399
0.200
0.789
0.521
0.741
0.308
1.016
0.326
0.278
0.547
0.311
0.566
0.799
0.500
0.396
0.131
0.261
0.810
0.601
0.741
0.730
0.188
0.263
0.403
1.027
1.013
0.585
0.389
0.992
0.160
0.128
0.547
0.607
0.562
0.325
0.154
1.089
1.046
1.038
0.662
0.510
0.655
0.286
0.257
0.868
0.917
0.305
0.646
0.582
0.537
0.346
0.357
1.019
0.850
0.168
0.980
0.174
0.292
0.351
0.760
0.314
0.460
0.414
0.909
0.235
0.626
0.606
0.938
0.428
1.086
0.224
0.144
1.016
0.450
0.897
0.243
0.315
0.597
0.604
0.782
0.740
0.629
1.001
0.434
0.541
1.092
0.342
1.094
0.156
0.239
0.231
0.158
0.879
0.401
0.713
0.160
0.266
0.103
0.638
0.266
0.664
1.031
0.975
0.398
0.241
0.252
0.580
0.817
0.741
0.727
0.784
0.165
0.311
0.556
0.687
0.886
0.748
0.403
0.289
0.308
0.350
0.522
1.018
0.857
0.579
0.412
0.753
0.257
0.179
0.739
1.100
0.687
0.322
0.961
0.594
0.677
0.860
0.625
0.279
0.982
0.420
0.778
0.898
0.674
0.411
0.934
0.295
0.508
0.132
1.018
0.312
0.492
0.127
0.303
0.609
0.136
0.983
1.039
1.068
0.452
0.425
0.815
0.985
0.654
0.534
0.534
0.914
0.163
0.139
0.142
0.168
0.755
0.992
0.193
0.249
0.146
0.915
0.651
0.897
0.734
0.271
0.417
0.492
1.073
0.229
0.691
1.026
0.203
0.381
0.582
0.162
0.267
0.450
0.274
0.758
0.482
0.562
0.864
0.802
0.976
0.896
0.788
0.190
0.774
0.522
0.205
0.971
0.739
0.592
0.738
0.307
1.013
0.574
0.297
1.098
0.634
0.968
0.896
0.202
1.011
0.416
0.515
1.033
0.258
0.547
0.206
0.106
0.372
0.748
0.645
0.377
0.394
1.029
0.254
1.066
0.567
1.007
0.757
0.509
0.302
0.414
1.015
0.361
0.558
1.017
0.189
0.949
0.468
0.261
0.733
0.709
0.600
0.232
0.454
0.496
0.556
0.595
1.076
0.818
0.975
0.395
0.268
0.594
0.322
0.719
0.545
0.737
0.245
0.604
0.666
0.335
1.030
0.731
0.306
0.782
0.502
0.281
0.875
0.767
0.532
0.384
0.551
0.892
0.879
0.281
0.207
0.234
1.095
0.747
1.005
0.501
0.446
0.845
0.540
1.008
0.653
0.982
0.430
0.923
0.266
0.529
0.503
0.393
0.439
1.046
0.488
0.146
0.186
0.473
0.756
0.362
0.568
0.920
0.617
0.613
0.760
0.742
1.066
0.752
0.874
0.849
0.334
1.071
0.923
0.833
0.552
0.661
0.733
0.501
1.013
1.092
0.486
0.383
0.302
0.178
0.558
0.706
0.435
0.708
0.821
0.477
0.814
0.219
0.316
0.842
0.734
0.919
0.329
0.212
0.168
0.432
0.174
0.874
0.392
0.339
0.441
0.615
0.524
1.006
1.021
0.132
0.663
0.168
0.162
0.441
0.904
0.926
0.315
1.011
0.464
0.932
0.565
0.622
0.494
0.876
0.612
0.296
0.782
0.651
1.023
0.270
0.830
0.566
0.723
0.880
0.327
0.230
1.050
1.099
0.854
0.761
0.595
0.166
0.322
0.979
0.632
0.118
0.689
0.795
0.586
0.283
0.501
0.225
0.859
0.770
0.871
0.511
1.011
0.197
0.680
0.392
0.489
0.101
0.875
0.522
0.706
0.743
0.149
0.115
0.986
0.821
0.196
0.100
0.378
0.152
0.553
0.357
0.165
0.328
0.664
0.992
0.377
0.898
0.387
0.391
0.660
0.665
0.722
0.289
0.629
0.947
0.805
1.098
0.490
0.569
0.702
0.999
0.228
0.110
1.083
0.908
0.777
0.960
0.445
1.058
0.629
0.819
0.926
0.562
0.498
0.411
0.883
0.350
0.931
0.387
0.635
0.565
0.602
0.435
0.190
0.506
0.395
0.190
0.229
0.355
0.358
0.586
0.279
0.526
0.505
0.953
0.528
0.142
0.751
0.474
1.092
0.857
0.250
0.788
0.387
0.657
0.665
0.396
0.961
0.799
0.346
0.745
0.513
0.927
0.603
0.603
0.899
0.471
0.706
0.834
0.873
0.439
0.423
0.505
0.754
1.034
0.634
0.576
0.253
0.381
1.055
0.123
0.678
0.784
0.740
0.508
0.181
0.393
0.300
0.670
0.714
0.802
0.818
0.491
1.059
1.082
0.952
0.244
1.094
0.296
0.431
1.010
0.973
0.646
0.312
0.854
0.658
0.155
0.679
0.463
0.562
0.214
1.023
0.363
0.890
0.612
0.558
0.371
0.502
0.454
0.286
0.642
0.178
0.181
0.748
1.011
0.653
0.533
0.425
0.859
0.178
0.111
0.684
0.813
0.306
0.820
0.632
1.019
0.881
0.754
0.251
0.996
0.954
0.574
1.016
0.830
0.367
0.561
0.989
0.259
0.259
0.830
0.192
1.007
0.945
1.034
0.308
0.103
0.627
0.180
0.114
0.653
1.071
1.049
0.925
0.283
0.604
0.247
0.936
0.676
0.992
0.127
0.218
0.468
0.295
0.425
0.181
1.086
0.821
0.203
1.030
0.500
0.501
1.052
0.383
0.367
0.477
1.059
0.368
1.045
1.061
0.282
0.294
0.486
0.290
0.243
1.020
0.125
0.550
0.806
0.239
0.526
0.368
1.039
0.164
0.171
0.938
0.371
0.402
0.502
1.056
0.677
0.270
0.730
0.186
0.225
0.806
0.614
0.846
1.087
0.166
0.545
0.390
0.561
0.893
0.756
0.213
1.034
0.955
1.073
0.434
1.093
0.754
0.805
1.050
1.027
1.085
1.011
0.649
0.950
0.492
0.251
0.849
0.952
0.750
0.790
0.387
0.217
0.398
0.483
0.217
0.153
0.542
0.113
0.467
0.307
0.893
0.255
1.070
0.676
0.278
0.101
0.483
0.897
0.226
0.623
0.306
0.585
0.335
1.006
0.809
0.642
0.683
0.217
0.756
0.326
0.664
0.611
1.036
0.555
0.166
0.374
1.044
0.469
0.472
0.387
0.527
0.852
0.466
0.668
0.413
0.766
0.331
0.111
0.771
1.050
0.991
0.790
0.961
0.854
0.956
1.046
0.453
0.121
0.405
0.773
0.300
1.043
0.786
0.772
0.519
1.017
0.406
0.534
0.252
0.936
0.665
0.597
0.370
0.997
0.659
1.092
0.879
0.599
0.160
0.748
0.753
0.650
0.291
0.697
0.921
0.268
1.058
1.016
0.498
0.693
0.778
0.947
0.894
1.051
0.746
0.596
0.923
0.380
1.090
1.071
0.554
0.748
0.229
0.580
0.511
0.206
0.825
1.048
0.304
0.885
0.588
0.893
0.312
0.719
0.603
0.835
1.010
0.509
0.941
0.367
1.095
0.888
0.322
0.865
0.934
