-5.65
-0.46
-1.51
-9.40
-0.85
-6.10
-1.97
-5.15
-4.56
-7.73
-0.57
-7.71
-1.51
-8.53
-3.84
-0.72
-2.57
-3.89
-5.81
-5.88
-5.82
-3.01
-3.45
-6.12
-2.56
-4.96
-1.04
-1.45
-4.80
-2.85
-1.20
-3.68
-9.94
-9.00
-2.22
-7.62
-8.54
-9.81
-2.36
-7.49
-7.28
-1.81
-6.95
-0.71
-0.11
-2.58
-8.01
-4.64
-0.68
-3.99
-4.44
-9.20
-5.73
-5.57
-7.72
-4.40
-2.39
-5.25
-8.89
-2.05
-3.67
-6.72
-6.97
-6.41
-9.35
-3.30
-3.83
-3.06
-9.93
-0.17
-4.67
-8.29
-3.37
-8.00
-0.55
-0.92
-4.39
-2.83
-7.83
-2.67
-7.25
-9.89
-3.19
-6.29
-9.69
-9.17
-6.75
-1.72
-2.40
-5.25
-2.97
-9.29
-2.29
-5.06
-6.54
-2.87
-6.00
-8.05
-9.27
-6.57
-9.25
-5.20
-2.15
-5.42
-7.41
-8.80
-7.12
-3.89
-9.87
-4.19
-7.21
-4.23
-3.08
-1.47
-8.29
-4.88
-7.93
-7.00
-2.83
-5.06
-5.35
-2.57
-8.79
-3.05
-1.97
-4.85
-4.79
-7.43
-3.85
-0.29
-6.95
-6.91
-6.74
-6.08
-1.16
-7.83
-6.70
-9.18
-9.52
-8.02
-6.51
-4.76
-1.72
-5.67
-4.61
-9.93
-8.62
-3.18
-8.45
-8.26
-0.94
-4.08
-0.94
-5.87
-3.01
-1.79
-0.43
-2.37
-9.96
-2.04
-4.49
-6.20
-1.42
-2.37
-5.77
-0.84
-5.92
-7.44
-7.79
-5.29
-6.41
-1.46
-1.34
-5.69
-6.78
-9.01
-2.81
-5.55
-5.21
-3.58
-8.53
-7.71
-8.89
-5.22
-4.65
-4.22
-1.07
-5.97
-1.41
-8.97
-5.79
-0.33
-7.04
-2.55
-8.63
-9.93
-0.59
-9.07
-2.28
-3.03
-6.53
-3.20
-6.16
-5.85
-6.46
-4.07
-8.01
-1.69
-2.19
-9.78
-3.71
-3.27
-4.42
-7.52
-9.44
-3.01
-5.51
-6.72
-2.74
-4.69
-4.51
-0.02
-6.00
-6.47
-1.66
-8.14
-2.03
-7.71
-7.07
-0.19
-7.14
-2.34
-8.02
-8.08
-1.04
-1.46
-9.05
-5.24
-3.96
-4.22
-4.40
-5.07
-4.25
-7.87
-7.31
-5.70
-8.22
-9.65
-4.17
-8.98
-4.82
-3.02
-0.13
-7.09
-3.25
-8.62
-7.13
-3.40
-9.32
-4.40
-6.57
-5.88
-6.69
-3.73
-6.98
-1.81
-3.24
-3.86
-0.45
-7.49
-1.03
-1.71
-2.55
-3.08
-2.90
-7.01
-9.26
-6.20
-9.44
-9.93
-2.07
-4.69
-1.39
-4.88
-0.13
-7.56
-9.20
-3.35
-3.62
-7.36
-5.90
-4.78
-1.92
-0.68
-3.52
-9.42
-6.49
-4.90
-9.30
-0.94
-8.47
-0.67
-3.63
-3.43
-2.58
-3.26
-1.91
-8.35
-7.87
-4.63
-5.26
-6.88
-1.98
-3.56
-3.90
-9.65
-5.10
-9.67
-6.91
-1.24
-9.35
-2.41
-3.23
-1.80
-7.37
-4.98
-4.45
-0.62
-0.17
-2.17
-5.21
-4.45
-9.94
-8.51
-3.77
-7.20
-9.90
-6.45
-1.74
-8.21
-8.80
-8.25
-1.52
-3.62
-2.24
-3.31
-5.56
-4.73
-6.15
-4.90
-2.96
-8.80
-0.45
-0.50
-8.11
-4.31
-5.62
-1.83
-8.59
-6.71
-6.68
-1.53
-2.75
-2.99
-9.42
-9.01
-0.90
-2.24
-7.70
-0.24
-4.55
-3.68
-9.42
-9.43
-2.99
-5.42
-5.72
-8.95
-7.89
-2.80
-0.61
-3.96
-3.81
-7.39
-4.65
-3.72
-1.63
-5.86
-7.09
-9.30
-4.46
-2.96
-4.88
-1.88
-4.36
-4.27
-8.87
-3.57
-5.08
-2.01
-6.64
-2.69
-9.06
-2.57
-4.68
-0.30
-5.20
-6.88
-0.80
-4.25
-9.97
-7.77
-2.58
-9.20
-6.98
-9.83
-9.25
-6.20
-5.06
-5.57
-3.63
-6.27
-7.47
-0.37
-6.99
-7.55
-4.92
-7.75
-8.90
-8.21
-6.99
-6.83
-3.07
-5.13
-6.69
-3.88
-9.91
-0.98
-3.38
-7.26
-1.03
-6.75
-1.82
-9.54
-4.12
-3.47
-2.28
-7.77
-4.05
-1.81
-6.18
-0.93
-2.57
-6.93
-6.47
-9.70
-7.48
-4.68
-8.74
-3.32
-7.45
-5.32
-1.25
-9.15
-5.75
-5.77
-0.95
-9.66
-0.86
-8.97
-9.59
-4.45
-1.69
-3.45
-9.95
-4.26
-4.61
-9.24
-6.48
-1.34
-3.21
-1.39
-0.00
-2.08
-4.09
-4.13
-0.59
-1.53
-3.07
-0.04
-3.29
-7.20
-9.42
-7.75
-6.28
-1.40
-0.51
-8.31
-9.59
-6.71
-8.90
-8.57
-4.09
-2.92
-8.33
-5.48
-2.34
-7.67
-5.58
-1.97
-7.50
-3.99
-0.20
-7.59
-9.56
-4.75
-5.93
-6.51
-2.58
-7.88
-5.31
-9.75
-8.07
-7.83
-7.97
-7.54
-0.92
-8.36
-3.22
-8.57
-7.60
-9.11
-3.59
-3.41
-3.69
-6.82
-8.75
-3.79
-1.59
-8.61
-7.88
-8.05
-1.23
-0.73
-9.85
-0.77
-1.28
-5.60
-4.16
-0.47
-5.89
-3.71
-6.54
-4.51
-6.65
-5.73
-8.43
-4.85
-6.83
-0.97
-9.14
-5.79
-7.00
-9.35
-2.00
-3.31
-7.16
-2.04
-0.89
-9.75
-4.04
-9.49
-1.43
-3.73
-9.17
-0.36
-4.57
-0.08
-0.98
-5.73
-6.56
-4.11
-7.64
-9.82
-3.49
-4.40
-0.33
-2.49
-5.62
-1.86
-2.03
-3.36
-0.01
-3.72
-1.67
-2.78
-2.02
-9.93
-7.44
-9.82
-4.49
-5.87
-1.40
-6.09
-4.69
-4.64
-2.01
-5.22
-0.56
-2.99
-2.51
-1.62
-6.46
-3.39
-4.87
-5.06
-4.25
-2.71
-1.19
-4.76
-7.29
-2.18
-7.03
-3.68
-6.78
-8.97
-5.58
-6.62
-9.68
-0.52
-0.32
-5.66
-0.06
-1.33
-9.33
-3.15
-6.12
-6.01
-9.28
-8.71
-5.40
-0.53
-9.33
-4.02
-6.07
-7.04
-1.44
-8.49
-1.20
-1.19
-6.29
-5.70
-6.61
-6.25
-0.94
-1.67
-5.62
-7.53
-7.10
-0.30
-2.76
-7.95
-8.34
-4.02
-1.15
-5.43
-1.80
-6.27
-5.71
-6.38
-1.49
-6.99
-7.62
-4.62
-2.59
-9.70
-1.22
-1.00
-4.44
-8.02
-4.49
-1.55
-5.80
-4.98
-2.03
-8.94
-5.21
-0.80
-5.71
-2.01
-8.72
-7.11
-0.71
-0.07
-3.58
-0.36
-4.20
-3.32
-2.86
-7.12
-5.61
-1.37
-8.21
-6.79
-3.88
-6.48
-0.41
-0.43
-8.21
-0.42
-0.20
-5.98
-1.86
-3.41
-6.27
-9.52
-0.23
-2.42
-9.04
-7.17
-4.10
-8.19
-2.04
-8.44
-7.69
-2.00
-1.19
-7.63
-5.67
-8.92
-9.58
-8.84
-5.51
-1.78
-6.36
-7.85
-5.34
-8.04
-8.26
-9.09
-0.89
-6.40
-2.86
-6.60
-1.21
-1.60
-9.13
-2.47
-4.90
-5.14
-4.14
-4.31
-4.41
-1.41
-8.37
-8.94
-0.67
-8.14
-7.21
-0.42
-3.94
-4.08
-7.12
-0.75
-4.22
-5.07
-0.89
-9.60
-9.58
-7.00
-6.63
-9.06
-2.93
-0.18
-2.55
-7.51
-3.34
-4.40
-5.54
-1.90
-9.95
-2.28
-6.93
-7.89
-8.40
-5.96
-3.16
-1.72
-9.83
-9.20
-5.01
-8.94
-8.07
-6.17
-4.80
-5.55
-9.47
-8.92
-5.88
-4.95
-7.78
-8.31
-8.73
-4.58
-7.42
-5.05
-0.66
-9.34
-8.23
-2.37
-6.06
-7.78
-8.93
-5.04
-5.65
-0.34
-8.84
-3.72
-0.51
-7.38
-3.57
-9.82
-2.99
-4.09
-5.52
-1.09
-3.38
-4.88
-9.10
-6.89
-6.45
-7.91
-7.84
-6.22
-6.75
-2.05
-5.99
-4.86
-6.15
-9.36
-9.95
-1.16
-2.85
-3.34
-6.96
-4.79
-5.63
-8.78
-2.77
-5.54
-0.67
-2.42
-8.77
-0.69
-3.04
-3.13
-5.99
-0.27
-8.27
-9.84
-3.30
-5.17
-1.61
-6.74
-1.88
-6.11
-2.90
-2.14
-4.20
-0.67
-6.91
-6.93
-3.81
-3.78
-9.12
-4.87
-8.76
-0.13
-1.09
-2.57
-5.32
-7.67
-2.72
-2.49
-7.40
-1.38
-7.63
-5.05
-7.13
-5.11
-2.19
-3.64
-5.77
-2.80
-7.42
-1.24
-9.31
-2.99
-4.43
-4.41
