3732000.0
4544000.0
1952000.0
1776000.0
2112000.0
1076000.0
1552000.0
2484000.0
4932000.0
4276000.0
1556000.0
3044000.0
3120000.0
1800000.0
3388000.0
1776000.0
2104000.0
1040000.0
1756000.0
1032000.0
4008000.0
2364000.0
4336000.0
3636000.0
1188000.0
4124000.0
4868000.0
3312000.0
3136000.0
1880000.0
4908000.0
3056000.0
4408000.0
3408000.0
4764000.0
1628000.0
2820000.0
2224000.0
4572000.0
4052000.0
2420000.0
1404000.0
1748000.0
1552000.0
2632000.0
3448000.0
2228000.0
3324000.0
1608000.0
2984000.0
3580000.0
1652000.0
2684000.0
4252000.0
2804000.0
4604000.0
4288000.0
1388000.0
3948000.0
2256000.0
1504000.0
2676000.0
3664000.0
2860000.0
3908000.0
2080000.0
3764000.0
1336000.0
1956000.0
1068000.0
4388000.0
4228000.0
1704000.0
2828000.0
4900000.0
3936000.0
4168000.0
3324000.0
1552000.0
4300000.0
1652000.0
2120000.0
4912000.0
3732000.0
3060000.0
2332000.0
2700000.0
3048000.0
4984000.0
1524000.0
2488000.0
3644000.0
3048000.0
2928000.0
4764000.0
1668000.0
4336000.0
4832000.0
4616000.0
1212000.0
1972000.0
2812000.0
1956000.0
3236000.0
1192000.0
3540000.0
2748000.0
4316000.0
3276000.0
2152000.0
4628000.0
2008000.0
4320000.0
2112000.0
4100000.0
3284000.0
1968000.0
2048000.0
1984000.0
3280000.0
3216000.0
2800000.0
3440000.0
2984000.0
1260000.0
1708000.0
2148000.0
3508000.0
4756000.0
1436000.0
1096000.0
2356000.0
2036000.0
2992000.0
2428000.0
1484000.0
3324000.0
3448000.0
2212000.0
3232000.0
1612000.0
2068000.0
3388000.0
2188000.0
1776000.0
3068000.0
1980000.0
1148000.0
1048000.0
3804000.0
3652000.0
4724000.0
4956000.0
3624000.0
1628000.0
2528000.0
2096000.0
1508000.0
4132000.0
1636000.0
3364000.0
1524000.0
3036000.0
1744000.0
4076000.0
4836000.0
1740000.0
2640000.0
2716000.0
3340000.0
4360000.0
2440000.0
1192000.0
1224000.0
4248000.0
1316000.0
3392000.0
2368000.0
4588000.0
3512000.0
1204000.0
3068000.0
3928000.0
2364000.0
3640000.0
3036000.0
3596000.0
3936000.0
1876000.0
4624000.0
1268000.0
4192000.0
1032000.0
4572000.0
2928000.0
1460000.0
4264000.0
4608000.0
4784000.0
4552000.0
3920000.0
3252000.0
4772000.0
3508000.0
5000000.0
4464000.0
1856000.0
2800000.0
3284000.0
1300000.0
1064000.0
2516000.0
3508000.0
1956000.0
2708000.0
1960000.0
4788000.0
4376000.0
1036000.0
2280000.0
3640000.0
4380000.0
3696000.0
3664000.0
1504000.0
1796000.0
1196000.0
3424000.0
3952000.0
3416000.0
3868000.0
1816000.0
3376000.0
1712000.0
3220000.0
3436000.0
4860000.0
3940000.0
4444000.0
3612000.0
4300000.0
3452000.0
2340000.0
1180000.0
2804000.0
3620000.0
1028000.0
2604000.0
1704000.0
2844000.0
4332000.0
2156000.0
2632000.0
1632000.0
3636000.0
3132000.0
1656000.0
3156000.0
1208000.0
4196000.0
3224000.0
2032000.0
2360000.0
4752000.0
4668000.0
4480000.0
3448000.0
4528000.0
4672000.0
1004000.0
4100000.0
1600000.0
2256000.0
3312000.0
1524000.0
2132000.0
3660000.0
4024000.0
4012000.0
1464000.0
2092000.0
3484000.0
2664000.0
4804000.0
4916000.0
3988000.0
4024000.0
4512000.0
2364000.0
4696000.0
3624000.0
3848000.0
2288000.0
3248000.0
1376000.0
2172000.0
3768000.0
4176000.0
3596000.0
4704000.0
4888000.0
3580000.0
4276000.0
4276000.0
4688000.0
2168000.0
4608000.0
4936000.0
4984000.0
3680000.0
4912000.0
2992000.0
3224000.0
2216000.0
3152000.0
3072000.0
4848000.0
1684000.0
2888000.0
1120000.0
4620000.0
3504000.0
4728000.0
2868000.0
3064000.0
1976000.0
1064000.0
4808000.0
1652000.0
4472000.0
4372000.0
1328000.0
2572000.0
4380000.0
4912000.0
2640000.0
1620000.0
2068000.0
3040000.0
2396000.0
1544000.0
4728000.0
2920000.0
3048000.0
2384000.0
2240000.0
1892000.0
2304000.0
4056000.0
1988000.0
3392000.0
3204000.0
3796000.0
1844000.0
2700000.0
2756000.0
2972000.0
4488000.0
1688000.0
3440000.0
2572000.0
3820000.0
4056000.0
1944000.0
3368000.0
1408000.0
1844000.0
1416000.0
4116000.0
4280000.0
1740000.0
4620000.0
3520000.0
2916000.0
1156000.0
2080000.0
4876000.0
3184000.0
3476000.0
3920000.0
2612000.0
3612000.0
3328000.0
4368000.0
1656000.0
4816000.0
1020000.0
4316000.0
1352000.0
1628000.0
4828000.0
4540000.0
3404000.0
3232000.0
4236000.0
4460000.0
1956000.0
4132000.0
2704000.0
1896000.0
2520000.0
4864000.0
3508000.0
4724000.0
3920000.0
2936000.0
2732000.0
4488000.0
4316000.0
4892000.0
4976000.0
1224000.0
2460000.0
4516000.0
1060000.0
4904000.0
2996000.0
2508000.0
2600000.0
3968000.0
3044000.0
1152000.0
4100000.0
1252000.0
2372000.0
4300000.0
4784000.0
1456000.0
2604000.0
3092000.0
1256000.0
1620000.0
1036000.0
1116000.0
3900000.0
3036000.0
4372000.0
2128000.0
1824000.0
4648000.0
3468000.0
1244000.0
2884000.0
3900000.0
4212000.0
2836000.0
2512000.0
3300000.0
4424000.0
3120000.0
2780000.0
3200000.0
2452000.0
2232000.0
4924000.0
1364000.0
1152000.0
1444000.0
3420000.0
2796000.0
3020000.0
3136000.0
1268000.0
4868000.0
3560000.0
4152000.0
1548000.0
2872000.0
2808000.0
3360000.0
1148000.0
1324000.0
3944000.0
4556000.0
3332000.0
2984000.0
4324000.0
2044000.0
4212000.0
1992000.0
3532000.0
4332000.0
2244000.0
1576000.0
3392000.0
4132000.0
4296000.0
1764000.0
4056000.0
2320000.0
4464000.0
2000000.0
2860000.0
3588000.0
4944000.0
4220000.0
2744000.0
4392000.0
3600000.0
4964000.0
1900000.0
4896000.0
4332000.0
2116000.0
1160000.0
3088000.0
1008000.0
1924000.0
3228000.0
3008000.0
4128000.0
4876000.0
2188000.0
1824000.0
2608000.0
4908000.0
2528000.0
4012000.0
2084000.0
3592000.0
2444000.0
3992000.0
1320000.0
1796000.0
1756000.0
1712000.0
3668000.0
2068000.0
4624000.0
1372000.0
1336000.0
3668000.0
4080000.0
3980000.0
2844000.0
1416000.0
2476000.0
3304000.0
4396000.0
1400000.0
3616000.0
4280000.0
3276000.0
4956000.0
1816000.0
4520000.0
4128000.0
2604000.0
3216000.0
4812000.0
2700000.0
4020000.0
2128000.0
2268000.0
2348000.0
1748000.0
4312000.0
2692000.0
3056000.0
1232000.0
2056000.0
1464000.0
2068000.0
4816000.0
3012000.0
2040000.0
4404000.0
2512000.0
2976000.0
2468000.0
1776000.0
2568000.0
4636000.0
1208000.0
2692000.0
3588000.0
2332000.0
3816000.0
4956000.0
3152000.0
4012000.0
4600000.0
3072000.0
4668000.0
3872000.0
2172000.0
2844000.0
3868000.0
4440000.0
2980000.0
1448000.0
3452000.0
1904000.0
3944000.0
3428000.0
2784000.0
3352000.0
3088000.0
1252000.0
3144000.0
3296000.0
4700000.0
2784000.0
3380000.0
1596000.0
2756000.0
4252000.0
3848000.0
1172000.0
2680000.0
2884000.0
4672000.0
1828000.0
1156000.0
1052000.0
3076000.0
4464000.0
2756000.0
3776000.0
2576000.0
3816000.0
2396000.0
3696000.0
4504000.0
2880000.0
3068000.0
1924000.0
2592000.0
3664000.0
1512000.0
3696000.0
2548000.0
4576000.0
1656000.0
3592000.0
2784000.0
2708000.0
3508000.0
2604000.0
4616000.0
3020000.0
1516000.0
4756000.0
1820000.0
1884000.0
4036000.0
3928000.0
4720000.0
2888000.0
3356000.0
2876000.0
4108000.0
1012000.0
1576000.0
4968000.0
1840000.0
4176000.0
3700000.0
3116000.0
2176000.0
3284000.0
2120000.0
2844000.0
3652000.0
3560000.0
4140000.0
2128000.0
1676000.0
2820000.0
1184000.0
2000000.0
3176000.0
2072000.0
3480000.0
2284000.0
2616000.0
1416000.0
3436000.0
3036000.0
4684000.0
2216000.0
3504000.0
4544000.0
4208000.0
1852000.0
4864000.0
2292000.0
2108000.0
1296000.0
3688000.0
4628000.0
1684000.0
1384000.0
2160000.0
1068000.0
4652000.0
3436000.0
3860000.0
4276000.0
3784000.0
2160000.0
2800000.0
2300000.0
4152000.0
3340000.0
4696000.0
2704000.0
4280000.0
3216000.0
4716000.0
3828000.0
2320000.0
2696000.0
4536000.0
4180000.0
4792000.0
2472000.0
2552000.0
3100000.0
2140000.0
4156000.0
4756000.0
3520000.0
4252000.0
4256000.0
3532000.0
1144000.0
1148000.0
4992000.0
4480000.0
1600000.0
2832000.0
1860000.0
2412000.0
4564000.0
2712000.0
2708000.0
2092000.0
1572000.0
3812000.0
2216000.0
1020000.0
2188000.0
4464000.0
3540000.0
3820000.0
4404000.0
3884000.0
3964000.0
2768000.0
4072000.0
2716000.0
3252000.0
3168000.0
1584000.0
3560000.0
1500000.0
4260000.0
3516000.0
3448000.0
1672000.0
2484000.0
4696000.0
2148000.0
2216000.0
4064000.0
2720000.0
4804000.0
4428000.0
4496000.0
2520000.0
3552000.0
2176000.0
4980000.0
3856000.0
4508000.0
1400000.0
4568000.0
1396000.0
3860000.0
2912000.0
3744000.0
1284000.0
4520000.0
2188000.0
3524000.0
3828000.0
1680000.0
2084000.0
3396000.0
1472000.0
1488000.0
2472000.0
4088000.0
2168000.0
3600000.0
4064000.0
2192000.0
3416000.0
1844000.0
3440000.0
4484000.0
4840000.0
4648000.0
1640000.0
2424000.0
4848000.0
1508000.0
4000000.0
2996000.0
1412000.0
1804000.0
1664000.0
1356000.0
3036000.0
4132000.0
4140000.0
4892000.0
2868000.0
3984000.0
3352000.0
1108000.0
1200000.0
4760000.0
1024000.0
3160000.0
1584000.0
4908000.0
4352000.0
4228000.0
1512000.0
2144000.0
4124000.0
2648000.0
4788000.0
1332000.0
4352000.0
1992000.0
2000000.0
3560000.0
1684000.0
3656000.0
4380000.0
2380000.0
1172000.0
1584000.0
1996000.0
2948000.0
1116000.0
1280000.0
4004000.0
4476000.0
1288000.0
1392000.0
4608000.0
1704000.0
3684000.0
3796000.0
2828000.0
1756000.0
1532000.0
3156000.0
4984000.0
4136000.0
1644000.0
3208000.0
3412000.0
2704000.0
4552000.0
4736000.0
3044000.0
1816000.0
1036000.0
4176000.0
4540000.0
3516000.0
2652000.0
4012000.0
3848000.0
3748000.0
2172000.0
4364000.0
4408000.0
1252000.0
1160000.0
2808000.0
4948000.0
3108000.0
1784000.0
4548000.0
1696000.0
4880000.0
1132000.0
3468000.0
4264000.0
3436000.0
2208000.0
4736000.0
2392000.0
2504000.0
