0.314
0.534
0.466
1.053
0.354
1.020
0.761
0.658
0.500
1.041
0.337
0.432
0.310
0.577
0.657
0.812
0.213
0.414
0.632
0.659
0.747
1.096
0.948
0.703
0.151
1.062
0.322
1.099
0.530
0.344
1.007
0.196
0.939
0.637
0.893
0.162
0.272
0.793
0.171
0.895
0.698
0.612
0.733
0.394
0.555
0.592
0.193
1.026
0.600
0.707
0.457
0.706
0.918
0.561
1.069
0.423
0.756
0.339
0.995
0.156
0.438
0.683
1.025
0.576
0.684
0.720
0.950
0.419
0.593
0.489
0.199
1.003
0.758
0.705
0.342
0.349
0.949
0.657
0.274
0.781
0.213
0.525
0.720
0.192
0.255
0.347
0.326
0.873
0.497
0.754
0.549
0.995
0.408
0.266
0.438
0.246
0.534
0.196
0.451
0.489
0.541
0.452
0.558
0.966
0.891
0.817
0.241
1.082
0.732
0.724
0.978
0.452
0.512
1.005
0.730
0.272
0.105
0.239
0.445
0.172
0.946
0.614
0.576
0.716
0.124
1.063
0.976
0.120
0.246
0.761
0.487
0.341
0.971
0.384
0.788
0.854
0.358
0.532
0.901
0.633
0.561
0.539
0.153
0.947
0.656
0.787
0.171
0.330
0.271
0.283
1.033
0.630
0.172
0.592
0.960
0.473
0.270
0.511
0.425
0.351
1.025
0.275
0.308
0.698
0.294
0.517
0.398
0.315
0.322
0.261
1.013
0.660
0.587
0.325
0.267
1.093
0.726
0.336
0.573
1.028
0.419
0.440
0.400
0.556
1.072
0.616
0.367
0.307
0.488
0.369
0.547
0.151
0.765
0.523
0.911
0.232
0.880
0.104
0.672
1.081
0.709
0.156
0.550
0.201
0.880
0.282
0.205
0.610
0.609
0.877
0.794
0.711
0.206
0.531
0.872
0.473
0.813
0.314
1.100
0.486
0.495
0.917
0.760
0.558
0.729
0.811
0.770
0.468
0.172
0.388
0.228
0.138
0.461
0.234
0.923
0.123
1.020
0.782
0.353
0.645
0.833
0.184
0.213
0.422
0.821
0.628
0.300
0.926
0.108
0.283
0.556
0.666
0.815
0.600
0.376
0.830
0.210
0.558
0.153
0.751
1.029
0.156
0.805
0.673
0.552
0.894
0.572
0.134
0.233
0.209
0.633
0.944
1.082
0.858
0.152
1.029
0.625
1.060
0.120
0.619
0.161
0.147
0.913
0.372
0.769
0.980
0.710
0.202
0.134
0.986
0.952
1.032
0.862
0.640
1.042
0.557
1.008
0.475
0.668
0.170
0.463
0.383
0.518
1.044
0.949
0.204
0.424
0.142
0.332
0.792
0.238
0.283
0.395
0.840
0.836
0.911
0.391
0.860
0.667
0.154
0.184
0.314
0.406
0.507
0.809
1.096
0.313
0.855
0.633
0.810
0.907
0.374
0.309
0.906
0.976
0.760
0.278
0.605
0.537
0.318
1.057
0.979
1.068
0.129
1.043
0.607
0.192
0.189
0.771
0.335
0.313
0.702
1.039
0.133
0.962
0.893
0.374
0.662
0.890
0.721
1.009
0.732
0.720
0.181
0.101
0.911
0.348
0.501
0.774
0.485
0.826
0.690
1.047
0.367
0.528
0.171
0.680
0.424
0.792
0.417
0.264
0.175
0.411
0.934
0.345
0.535
0.188
0.477
1.062
0.580
0.336
0.994
0.116
0.787
0.764
0.651
0.502
0.505
0.510
0.879
0.993
1.018
0.698
0.578
0.533
0.840
0.797
0.550
0.663
0.341
0.100
0.955
0.303
0.490
0.682
0.500
0.657
0.306
0.491
0.180
0.292
0.383
0.739
0.434
0.564
1.063
0.284
0.244
0.150
0.136
0.792
0.316
0.788
0.795
0.267
0.712
0.716
0.874
0.492
0.754
0.793
0.632
0.506
0.684
0.242
0.275
1.016
0.325
0.597
0.337
0.651
0.374
0.290
0.907
1.000
0.998
0.253
0.667
0.884
0.468
0.641
0.629
0.388
0.609
1.065
0.590
0.548
0.795
0.997
0.420
0.299
0.698
0.849
0.177
0.178
0.499
0.251
0.596
0.739
0.174
0.843
0.106
0.785
0.166
0.618
0.367
0.538
1.083
0.908
0.459
0.194
0.287
1.043
0.393
0.810
0.293
0.156
0.365
1.086
0.435
0.198
0.805
0.941
0.523
0.535
0.106
0.708
0.124
0.304
0.738
0.977
0.889
0.317
0.420
0.839
0.324
0.878
1.055
0.555
0.891
0.495
0.551
0.930
0.837
0.890
0.314
0.189
0.477
0.856
0.234
0.160
0.259
0.306
0.987
0.667
0.288
1.017
1.054
0.124
0.236
1.056
0.340
0.585
0.683
0.484
0.810
0.195
0.676
0.832
0.458
0.352
0.964
0.958
0.557
1.044
0.626
0.285
0.380
0.820
0.370
0.993
0.352
0.733
0.275
0.608
0.244
0.760
0.923
0.320
0.740
0.365
0.966
0.267
0.373
0.968
0.962
0.223
0.636
0.804
0.384
0.282
0.382
0.897
0.978
1.059
0.913
0.234
0.745
0.418
0.699
0.667
0.633
0.988
0.735
0.263
0.174
0.344
0.512
0.643
0.669
0.528
0.308
0.491
0.811
0.551
0.721
0.852
0.166
0.209
0.383
0.471
1.050
0.439
0.412
0.937
0.774
1.019
0.791
0.219
0.398
0.333
0.976
1.053
0.316
0.855
0.947
0.578
0.206
0.806
0.500
0.896
0.378
0.844
0.511
0.875
1.014
0.692
0.571
0.479
1.019
0.947
0.364
0.295
0.204
0.961
0.741
0.505
0.363
0.203
0.585
0.285
0.170
0.150
0.205
0.889
0.113
1.089
0.497
0.926
1.004
0.149
0.275
0.407
1.013
0.251
0.874
0.147
0.764
0.356
0.378
0.601
0.973
0.864
0.701
0.333
0.750
0.559
0.622
0.361
0.168
0.126
0.455
0.560
0.948
0.318
1.064
0.134
1.059
0.685
0.318
0.771
0.844
0.935
0.327
0.698
0.364
0.915
0.651
0.223
0.370
0.613
0.113
0.856
0.719
0.789
0.636
0.177
0.278
0.111
0.696
0.976
0.156
0.775
0.192
0.827
0.945
0.157
0.359
0.158
0.605
0.627
0.856
0.672
0.936
0.722
0.923
0.612
0.926
0.273
0.287
0.998
1.052
0.667
0.990
0.520
1.042
0.608
0.989
0.295
0.954
1.099
0.259
0.703
0.650
0.221
0.305
0.415
0.737
0.471
0.223
0.688
0.295
0.587
0.482
0.175
1.035
0.952
0.513
0.275
0.362
0.694
0.893
0.422
0.817
1.052
0.124
1.012
0.698
0.167
0.624
0.651
0.938
0.550
0.372
0.716
0.255
0.822
0.808
0.410
0.721
0.551
0.588
0.703
0.681
0.795
0.663
0.122
1.022
0.642
0.923
0.973
0.430
1.082
0.118
0.617
0.217
1.059
0.767
0.525
0.148
0.290
0.923
0.406
0.556
0.697
1.034
0.446
0.587
0.698
0.917
0.676
0.345
0.960
0.935
0.817
0.966
0.334
0.352
0.467
0.779
0.997
0.646
0.394
0.328
0.555
0.984
1.035
0.173
0.514
0.374
0.518
0.278
1.065
0.897
0.100
0.119
0.324
0.619
0.844
0.351
0.239
0.134
0.620
0.809
0.269
0.498
0.643
0.944
0.628
0.567
0.473
0.340
0.314
0.811
0.395
0.337
0.877
0.107
0.607
0.521
0.820
1.090
0.665
0.113
0.267
0.272
0.458
0.837
0.885
0.802
0.511
0.928
0.379
0.676
0.679
0.420
1.013
0.263
0.172
0.137
0.274
0.408
0.483
0.615
0.927
0.349
0.897
0.399
0.496
0.213
0.940
1.030
0.148
0.430
0.577
0.891
0.422
0.951
0.978
1.023
