-1.09
-5.27
-5.79
-5.62
-9.64
-2.73
-2.21
-0.42
-2.81
-2.48
-2.65
-5.73
-3.84
-6.73
-9.00
-2.99
-4.38
-6.14
-0.67
-2.63
-2.87
-6.70
-0.98
-4.67
-4.36
-2.03
-7.69
-4.04
-8.05
-2.34
-2.92
-6.43
-0.90
-8.66
-7.39
-1.14
-4.15
-5.07
-0.90
-1.01
-0.14
-0.41
-7.55
-3.72
-3.77
-8.50
-1.89
-9.94
-6.91
-8.85
-7.10
-3.44
-4.44
-7.71
-6.57
-1.64
-8.17
-5.57
-0.59
-4.48
-2.41
-2.72
-7.14
-1.09
-2.23
-7.35
-6.46
-6.93
-2.68
-3.80
-8.71
-0.76
-5.55
-3.65
-5.12
-3.97
-1.37
-3.30
-1.39
-0.57
-2.43
-0.77
-9.97
-4.29
-5.90
-6.28
-2.76
-4.40
-3.00
-3.30
-1.28
-1.07
-4.43
-6.76
-7.78
-7.47
-8.29
-1.89
-7.78
-8.17
-9.12
-9.76
-3.12
-7.64
-2.29
-1.54
-7.53
-3.73
-6.77
-1.79
-5.76
-4.40
-9.91
-0.31
-6.52
-6.58
-6.66
-7.26
-1.08
-7.71
-2.37
-4.76
-5.04
-9.12
-4.27
-7.36
-4.35
-9.88
-7.48
-6.98
-2.22
-1.13
-7.22
-1.67
-2.76
-4.71
-2.99
-1.85
-6.86
-2.44
-4.12
-8.68
-9.43
-8.75
-2.10
-1.26
-1.40
-4.99
-5.72
-0.87
-1.42
-4.69
-0.08
-6.34
-6.01
-1.85
-2.95
-5.57
-1.24
-8.87
-3.20
-1.63
-2.74
-1.14
-5.08
-3.75
-3.83
-2.29
-0.56
-8.34
-8.61
-8.77
-6.12
-6.79
-7.24
-0.03
-6.60
-3.31
-3.37
-4.48
-8.21
-5.08
-5.30
-4.80
-7.40
-1.70
-0.64
-1.91
-6.45
-1.45
-6.72
-7.29
-7.94
-1.69
-8.63
-5.85
-8.17
-7.83
-5.03
-0.94
-7.39
-6.63
-9.78
-3.22
-6.13
-3.85
-0.50
-3.35
-6.52
-3.11
-3.80
-9.32
-9.69
-0.78
-5.21
-1.63
-4.00
-0.19
-6.92
-3.40
-9.37
-2.89
-1.97
-1.12
-2.60
-3.69
-1.95
-3.17
-2.82
-9.03
-7.39
-3.38
-5.56
-9.04
-1.75
-6.46
-8.15
-1.75
-0.99
-2.92
-6.31
-8.39
-6.12
-4.49
-8.29
-3.97
-2.08
-4.44
-8.90
-1.80
-5.40
-3.90
-7.20
-0.32
-6.51
-9.35
-3.24
-9.20
-7.34
-0.78
-3.30
-1.64
-2.98
-2.75
-3.81
-2.61
-7.45
-4.22
-2.23
-8.83
-9.20
-2.20
-3.62
-7.08
-0.66
-6.37
-5.75
-1.78
-3.81
-7.30
-5.59
-0.59
-2.21
-0.88
-2.14
-1.38
-8.24
-3.89
-3.11
-1.99
-2.38
-9.32
-6.91
-3.83
-8.14
-5.08
-7.74
-4.45
-1.57
-1.67
-8.13
-0.52
-8.42
-3.08
-4.65
-3.10
-7.85
-3.75
-3.07
-2.53
-8.93
-0.66
-8.37
-3.25
-5.22
-0.85
-2.52
-6.65
-5.00
-7.82
-1.39
-0.78
-0.25
-6.90
-1.83
-4.31
-5.12
-6.12
-0.55
-9.05
-4.97
-5.85
-3.19
-9.56
-2.38
-5.82
-6.15
-9.28
-3.16
-4.46
-9.27
-6.09
-3.21
-1.71
-2.28
-0.60
-6.43
-6.37
-6.64
-8.37
-2.82
-6.94
-6.75
-8.04
-4.15
-5.10
-1.04
-2.87
-0.70
-4.34
-8.92
-6.96
-1.32
-9.12
-5.71
-6.85
-8.91
-8.39
-8.79
-5.40
-8.24
-2.65
-4.89
-3.29
-9.55
-3.22
-6.02
-9.99
-5.92
-5.05
-7.05
-5.53
-5.65
-2.92
-0.28
-9.98
-4.10
-5.79
-2.70
-8.46
-6.66
-0.48
-5.91
-0.08
-3.44
-4.02
-2.54
-3.11
-0.26
-8.18
-0.69
-8.10
-2.12
-9.16
-4.73
-0.74
-9.77
-1.83
-1.66
-8.55
-9.21
-6.79
-7.84
-1.52
-7.75
-1.71
-0.25
-9.17
-9.05
-4.97
-9.39
-7.62
-1.00
-0.49
-0.10
-6.99
-5.21
-5.96
-5.42
-7.59
-2.98
-7.62
-9.30
-8.85
-9.46
-9.82
-0.74
-7.62
-5.42
-6.06
-0.30
-5.70
-1.30
-3.18
-0.08
-7.81
-4.38
-6.97
-3.17
-0.29
-6.67
-0.87
-1.20
-1.38
-4.86
-8.90
-6.56
-10.00
-9.93
-0.20
-7.70
-3.63
-1.54
-5.24
-3.17
-2.33
-3.50
-9.43
-0.68
-5.76
-5.04
-8.71
-2.68
-5.40
-3.64
-1.08
-0.66
-9.31
-0.99
-0.40
-8.16
-4.34
-8.72
-4.65
-0.17
-0.44
-8.13
-6.81
-6.89
-9.90
-0.58
-7.30
-3.65
-7.45
-9.92
-4.74
-9.32
-3.31
-2.38
-7.04
-9.00
-9.14
-2.07
-2.59
-7.00
-0.92
-9.64
-7.94
-0.87
-8.59
-2.87
-8.62
-1.63
-3.71
-8.90
-6.24
-1.56
-3.30
-0.25
-3.11
-6.58
-7.34
-9.97
-8.81
-5.02
-3.52
-5.70
-8.53
-4.42
-2.56
-4.06
-2.67
-4.99
-3.72
-3.98
-1.25
-1.63
-8.85
-8.34
-0.74
-6.25
-2.85
-7.05
-7.61
-9.99
-0.16
-3.79
-6.00
-9.42
-0.14
-5.43
-8.05
-9.92
-0.08
-3.23
-4.19
-4.37
-9.28
-2.76
-5.54
-2.78
-7.61
-2.15
-4.59
-9.94
-5.51
-3.13
-5.13
-6.17
-8.45
-2.36
-7.23
-8.38
-0.93
-2.45
-9.33
-7.85
-5.52
-2.58
-9.20
-2.60
-0.86
-4.88
-8.15
-1.52
-0.26
-8.92
-5.35
-2.41
-6.11
-7.93
-0.81
-4.25
-7.83
-6.13
-3.37
-8.83
-7.31
-5.20
-3.58
-8.59
-3.51
-9.24
-2.15
-3.61
-5.77
-2.99
-8.91
-4.03
-8.40
-7.19
-6.33
-7.98
-3.48
-8.70
-5.02
-0.22
-7.60
-3.99
-5.69
-8.64
-9.86
-7.33
-9.43
-0.45
-6.73
-5.17
-5.66
-3.23
-6.48
-9.46
-2.23
-8.02
-3.82
-4.12
-9.70
-8.66
-6.76
-2.47
-7.35
-6.70
-4.62
-0.95
-3.14
-9.51
-8.07
-9.83
-0.07
-6.68
-5.61
-9.04
-3.80
-1.34
-6.49
-1.83
-0.73
-5.76
-9.83
-8.44
-7.35
-9.14
-7.91
-0.07
-7.69
-1.47
-9.35
-9.83
-2.90
-5.96
-8.68
-5.79
-7.28
-8.23
-9.00
-7.39
-3.61
-0.01
-2.42
-2.44
-8.97
-4.36
-6.93
-6.13
-5.63
-4.34
-9.67
-3.88
-1.95
-0.68
-9.85
-3.20
-2.01
-8.75
-5.11
-9.28
-6.30
-4.01
-5.89
-6.85
-8.39
-4.64
-8.00
-6.86
-4.85
-4.48
-7.01
-8.44
-4.81
-8.24
-5.12
-5.18
-6.66
-1.59
-5.08
-5.59
-8.91
-2.92
-8.31
-6.82
-9.68
-8.33
-8.20
-3.92
-3.31
-6.43
-1.79
-0.82
-6.97
-2.06
-2.50
-5.26
-5.34
-5.40
-2.39
-3.77
-7.28
-9.65
-0.63
-7.96
-8.83
-7.28
-7.41
-8.53
-9.88
-3.53
-5.82
-9.42
-6.26
-0.48
-1.42
-3.83
-0.76
-5.49
-5.48
-8.96
-8.62
-7.25
-9.18
-4.26
-6.18
-0.92
-5.24
-5.73
-7.94
-2.56
-6.39
-3.65
-4.86
-6.09
-0.95
-7.03
-7.18
-2.69
-3.21
-7.55
-1.28
-3.85
-2.08
-6.00
-8.59
-0.22
-5.36
-1.18
-8.31
-3.18
-2.10
-7.33
-9.31
-8.94
-2.52
-0.82
-1.75
-8.16
-6.69
-7.59
-9.72
-0.57
-5.66
-8.14
-0.42
-8.76
-0.45
-1.16
-3.76
-5.82
-0.18
-3.34
-7.93
-2.01
-9.57
-7.04
-9.85
-0.44
-6.63
-5.47
-7.24
-8.01
-4.98
-6.12
-8.41
-3.77
-9.21
-9.05
-8.52
-0.48
-0.61
-3.15
-7.97
-5.98
-8.50
-4.55
-8.22
-9.91
-8.59
-9.51
-2.51
-0.10
-6.72
-4.83
-2.09
-9.62
-4.96
-4.06
-6.51
-0.03
-4.18
-3.08
-0.83
-5.12
-4.99
-6.72
-2.92
-3.50
-4.84
-7.13
-3.28
-4.58
-4.80
-1.23
-8.47
-2.36
-7.96
-3.62
-2.17
-0.50
-8.55
-1.02
-3.09
-2.54
-9.79
-2.48
-3.44
-3.83
-1.55
-3.72
-8.45
-2.56
-0.64
-9.01
-8.41
-9.08
-4.93
-0.09
-3.69
-0.59
-5.78
-1.93
-2.60
-6.53
-9.66
-2.27
-1.70
-3.16
-6.13
-0.68
-3.45
-9.90
-3.27
-8.35
-0.11
