4784500.0
577000.0
532000.0
608500.0
2971000.0
311500.0
428500.0
4339000.0
1108000.0
599500.0
3907000.0
1990000.0
2836000.0
2129500.0
109000.0
1630000.0
275500.0
2782000.0
2368000.0
545500.0
1810000.0
1058500.0
3979000.0
1405000.0
2746000.0
577000.0
3866500.0
2692000.0
3893500.0
3817000.0
757000.0
2278000.0
4613500.0
1949500.0
811000.0
1769500.0
3340000.0
1855000.0
1247500.0
1715500.0
4375000.0
2597500.0
3227500.0
2516500.0
2053000.0
2485000.0
329500.0
4330000.0
4960000.0
1639000.0
2417500.0
725500.0
3074500.0
2228500.0
113500.0
3497500.0
4672000.0
1279000.0
1292500.0
4771000.0
2201500.0
4100500.0
730000.0
2071000.0
2525500.0
3727000.0
4001500.0
545500.0
968500.0
3767500.0
2318500.0
172000.0
1720000.0
307000.0
1319500.0
1432000.0
4505500.0
3862000.0
4267000.0
370000.0
1544500.0
3547000.0
1553500.0
3785500.0
4591000.0
496000.0
1954000.0
1630000.0
2332000.0
2260000.0
2008000.0
4078000.0
3529000.0
4415500.0
361000.0
446500.0
136000.0
1855000.0
5000500.0
2584000.0
2170000.0
2957500.0
707500.0
3614500.0
3533500.0
2219500.0
2687500.0
2264500.0
2417500.0
176500.0
3475000.0
986500.0
2840500.0
2629000.0
3061000.0
2606500.0
4289500.0
2237500.0
3187000.0
2363500.0
428500.0
4496500.0
2683000.0
514000.0
2165500.0
4145500.0
2606500.0
2953000.0
2089000.0
1931500.0
1364500.0
3677500.0
2084500.0
2899000.0
1265500.0
3331000.0
4397500.0
2044000.0
4523500.0
3947500.0
2854000.0
4150000.0
1562500.0
1504000.0
2674000.0
3020500.0
4586500.0
3128500.0
2962000.0
1549000.0
4753000.0
3659500.0
3389500.0
1405000.0
3947500.0
3092500.0
1904500.0
973000.0
4753000.0
3506500.0
4564000.0
1697500.0
2435500.0
2143000.0
4501000.0
1090000.0
1999000.0
4154500.0
716500.0
856000.0
1067500.0
3448000.0
2804500.0
3781000.0
4906000.0
2818000.0
1625500.0
1616500.0
4595500.0
1823500.0
2678500.0
4658500.0
1211500.0
4771000.0
3835000.0
4258000.0
2930500.0
2764000.0
3484000.0
1171000.0
743500.0
2188000.0
2975500.0
2323000.0
4627000.0
3479500.0
4082500.0
2422000.0
770500.0
2548000.0
577000.0
1715500.0
3560500.0
2296000.0
4208500.0
3655000.0
338500.0
1585000.0
2327500.0
4132000.0
4064500.0
1675000.0
2723500.0
4883500.0
4087000.0
4838500.0
4793500.0
1418500.0
104500.0
698500.0
1724500.0
2750500.0
212500.0
2840500.0
2930500.0
2246500.0
2143000.0
2089000.0
2768500.0
1922500.0
2075500.0
2188000.0
4762000.0
514000.0
2881000.0
842500.0
163000.0
2912500.0
2980000.0
2260000.0
4874500.0
4343500.0
4987000.0
2102500.0
2467000.0
4982500.0
4114000.0
1724500.0
2570500.0
1099000.0
2089000.0
4735000.0
3902500.0
1184500.0
2633500.0
1598500.0
2827000.0
842500.0
3929500.0
2413000.0
3965500.0
4537000.0
1747000.0
3124000.0
4379500.0
1796500.0
3569500.0
4060000.0
599500.0
811000.0
3245500.0
3934000.0
3695500.0
415000.0
2750500.0
1216000.0
4829500.0
172000.0
4136500.0
1418500.0
4060000.0
959500.0
4096000.0
500500.0
3866500.0
608500.0
1891000.0
500500.0
3682000.0
2696500.0
2530000.0
4744000.0
3736000.0
4798000.0
2071000.0
2831500.0
3461500.0
2579500.0
1364500.0
3191500.0
662500.0
3322000.0
2548000.0
4010500.0
3263500.0
3385000.0
1139500.0
4217500.0
3110500.0
3655000.0
4928500.0
2390500.0
1909000.0
1985500.0
4249000.0
3452500.0
1661500.0
572500.0
2327500.0
3070000.0
3034000.0
3673000.0
1427500.0
3335500.0
1427500.0
667000.0
1288000.0
3340000.0
3803500.0
910000.0
3569500.0
3844000.0
995500.0
230500.0
208000.0
271000.0
1585000.0
244000.0
2386000.0
2053000.0
905500.0
2057500.0
3308500.0
4379500.0
4708000.0
1112500.0
4843000.0
4811500.0
2485000.0
4978000.0
599500.0
2093500.0
2957500.0
4240000.0
788500.0
667000.0
2431000.0
1499500.0
4631500.0
518500.0
1216000.0
1900000.0
2723500.0
883000.0
959500.0
1958500.0
631000.0
1630000.0
4928500.0
2552500.0
3542500.0
4991500.0
1306000.0
4033000.0
2521000.0
2147500.0
4312000.0
4258000.0
1238500.0
910000.0
2606500.0
4438000.0
3718000.0
4397500.0
3308500.0
4222000.0
136000.0
3898000.0
3506500.0
1396000.0
4100500.0
3646000.0
1031500.0
370000.0
554500.0
2111500.0
2035000.0
3583000.0
1922500.0
2782000.0
4024000.0
1972000.0
2615500.0
1711000.0
3736000.0
3016000.0
3191500.0
2282500.0
1063000.0
914500.0
964000.0
1738000.0
3092500.0
244000.0
4168000.0
2714500.0
4334500.0
127000.0
4735000.0
3430000.0
608500.0
3340000.0
3187000.0
2494000.0
1747000.0
923500.0
1391500.0
1765000.0
3794500.0
253000.0
199000.0
1670500.0
1580500.0
3862000.0
3529000.0
2012500.0
1850500.0
1076500.0
2377000.0
4244500.0
3218500.0
3898000.0
4375000.0
4235500.0
3979000.0
1058500.0
2192500.0
3263500.0
4879000.0
644500.0
1171000.0
3556000.0
1801000.0
3452500.0
2899000.0
3088000.0
2939500.0
2192500.0
3137500.0
3146500.0
4996000.0
469000.0
1418500.0
4915000.0
1243000.0
4186000.0
1634500.0
2552500.0
3079000.0
1144000.0
1630000.0
3565000.0
4406500.0
3781000.0
3650500.0
1009000.0
2044000.0
1607500.0
3497500.0
3205000.0
2525500.0
4028500.0
4010500.0
3290500.0
1090000.0
2332000.0
4460500.0
2035000.0
1742500.0
4991500.0
1378000.0
4339000.0
4645000.0
2467000.0
842500.0
3988000.0
995500.0
2579500.0
1733500.0
3704500.0
4123000.0
2291500.0
2912500.0
1693000.0
2408500.0
1364500.0
176500.0
4838500.0
2885500.0
199000.0
4919500.0
2071000.0
1049500.0
2372500.0
199000.0
2579500.0
2687500.0
419500.0
2215000.0
4046500.0
4712500.0
113500.0
3371500.0
1189000.0
2471500.0
815500.0
217000.0
4771000.0
1553500.0
1121500.0
4771000.0
149500.0
415000.0
3425500.0
599500.0
2669500.0
2314000.0
1918000.0
365500.0
433000.0
2174500.0
4528000.0
1310500.0
1616500.0
1310500.0
1162000.0
2512000.0
581500.0
176500.0
352000.0
1985500.0
1558000.0
469000.0
3961000.0
1324000.0
865000.0
4883500.0
3263500.0
1720000.0
4780000.0
1589500.0
2305000.0
2210500.0
455500.0
4852000.0
3520000.0
4708000.0
748000.0
2017000.0
2084500.0
1621000.0
2777500.0
3353500.0
4483000.0
959500.0
3236500.0
3083500.0
550000.0
4415500.0
856000.0
4114000.0
3979000.0
3619000.0
3844000.0
2566000.0
2534500.0
3380500.0
145000.0
4397500.0
653500.0
4951000.0
2089000.0
1382500.0
3646000.0
3920500.0
4645000.0
3709000.0
2530000.0
2651500.0
4550500.0
4375000.0
887500.0
221500.0
3875500.0
2890000.0
2260000.0
3610000.0
2201500.0
4357000.0
320500.0
4505500.0
1441000.0
3412000.0
203500.0
4541500.0
118000.0
4235500.0
788500.0
1139500.0
3646000.0
1652500.0
2579500.0
3745000.0
2665000.0
2620000.0
883000.0
1409500.0
1796500.0
244000.0
2885500.0
1639000.0
3830500.0
2170000.0
1085500.0
3637000.0
3164500.0
172000.0
3389500.0
3578500.0
3637000.0
3236500.0
1063000.0
3754000.0
284500.0
3074500.0
334000.0
1598500.0
4240000.0
748000.0
649000.0
4046500.0
4285000.0
2651500.0
3272500.0
2552500.0
4996000.0
2899000.0
2089000.0
4802500.0
2012500.0
1841500.0
545500.0
3479500.0
4964500.0
379000.0
4150000.0
505000.0
2062000.0
3668500.0
3196000.0
514000.0
2764000.0
2962000.0
4874500.0
4294000.0
3443500.0
3493000.0
4042000.0
2381500.0
2395000.0
698500.0
838000.0
3727000.0
2993500.0
2503000.0
1418500.0
3065500.0
887500.0
140500.0
3245500.0
460000.0
3812500.0
1895500.0
590500.0
1981000.0
1729000.0
4339000.0
977500.0
4735000.0
2323000.0
1058500.0
2422000.0
892000.0
2395000.0
2255500.0
4132000.0
4415500.0
2201500.0
4096000.0
1778500.0
4343500.0
2278000.0
2381500.0
176500.0
1450000.0
2336500.0
118000.0
3272500.0
3754000.0
2665000.0
1616500.0
3227500.0
4325500.0
3088000.0
3623500.0
1508500.0
1445500.0
3065500.0
2665000.0
4078000.0
1625500.0
1423000.0
1891000.0
1904500.0
3682000.0
2147500.0
676000.0
1729000.0
626500.0
1054000.0
1135000.0
298000.0
2696500.0
1918000.0
887500.0
820000.0
559000.0
2152000.0
3110500.0
2917000.0
1229500.0
4780000.0
1324000.0
2764000.0
1004500.0
1004500.0
2471500.0
3223000.0
1202500.0
329500.0
1882000.0
4024000.0
2525500.0
4739500.0
1963000.0
1526500.0
4505500.0
4438000.0
2854000.0
4843000.0
3916000.0
4321000.0
4631500.0
280000.0
4096000.0
4685500.0
658000.0
4186000.0
4798000.0
2674000.0
1859500.0
1000000.0
2489500.0
1121500.0
4969000.0
3461500.0
4298500.0
109000.0
4222000.0
3772000.0
2372500.0
3650500.0
473500.0
2026000.0
1751500.0
3560500.0
4343500.0
1715500.0
3673000.0
2453500.0
2215000.0
1472500.0
4429000.0
2710000.0
2813500.0
896500.0
3434500.0
545500.0
4325500.0
914500.0
3110500.0
4694500.0
3331000.0
356500.0
473500.0
1882000.0
401500.0
3214000.0
842500.0
4181500.0
1022500.0
347500.0
1648000.0
1333000.0
653500.0
3511000.0
1180000.0
2701000.0
3880000.0
2818000.0
221500.0
1198000.0
4132000.0
4181500.0
4154500.0
109000.0
4091500.0
3016000.0
752500.0
2836000.0
2363500.0
3074500.0
1562500.0
4510000.0
3830500.0
3862000.0
3344500.0
4618000.0
2467000.0
4217500.0
1463500.0
1949500.0
3232000.0
3142000.0
2728000.0
185500.0
356500.0
136000.0
244000.0
2116000.0
4928500.0
4087000.0
3767500.0
379000.0
4591000.0
496000.0
2152000.0
2309500.0
1792000.0
469000.0
1288000.0
1868500.0
4352500.0
2179000.0
1558000.0
451000.0
1103500.0
2701000.0
2989000.0
887500.0
527500.0
3875500.0
4726000.0
4942000.0
3727000.0
2795500.0
1360000.0
707500.0
4856500.0
4483000.0
1405000.0
1364500.0
3709000.0
3619000.0
3853000.0
2008000.0
1864000.0
833500.0
2057500.0
577000.0
4532500.0
2444500.0
2962000.0
4393000.0
3515500.0
1963000.0
2741500.0
784000.0
1999000.0
347500.0
1261000.0
2539000.0
4910500.0
3133000.0
4091500.0
730000.0
2138500.0
1184500.0
1387000.0
1963000.0
829000.0
1630000.0
3934000.0
2444500.0
2165500.0
3097000.0
4006000.0
3943000.0
2791000.0
3092500.0
4658500.0
1949500.0
1882000.0
541000.0
2597500.0
266500.0
3569500.0
1022500.0
1459000.0
2435500.0
4672000.0
1657000.0
2737000.0
4969000.0
2476000.0
1796500.0
1958500.0
3781000.0
716500.0
644500.0
3043000.0
1936000.0
910000.0
1729000.0
658000.0
2107000.0
3983500.0
1697500.0
2233000.0
4685500.0
1369000.0
4960000.0
2876500.0
4231000.0
779500.0
2656000.0
4816000.0
3430000.0
4087000.0
599500.0
1972000.0
2908000.0
1544500.0
2291500.0
3565000.0
3371500.0
2728000.0
113500.0
2998000.0
334000.0
2741500.0
874000.0
3362500.0
3565000.0
3025000.0
221500.0
4258000.0
2156500.0
1954000.0
4591000.0
2890000.0
779500.0
2939500.0
3668500.0
1009000.0
721000.0
3187000.0
4937500.0
244000.0
3484000.0
3052000.0
1427500.0
3056500.0
2899000.0
1265500.0
1697500.0
3479500.0
4960000.0
4348000.0
2008000.0
1972000.0
3263500.0
1373500.0
2057500.0
878500.0
4042000.0
536500.0
4748500.0
1135000.0
316000.0
1603000.0
869500.0
2345500.0
3398500.0
2390500.0
3677500.0
847000.0
2228500.0
3668500.0
