1.99
1.55
0.56
1.37
1.99
0.59
1.66
0.65
1.45
0.79
0.62
0.80
0.86
0.64
0.64
0.74
1.51
0.83
1.05
1.05
0.93
1.21
1.50
1.32
0.63
1.15
1.87
1.04
1.25
1.26
1.82
1.07
1.30
0.83
1.08
0.96
1.46
1.47
1.80
0.66
1.01
1.51
0.63
0.79
0.97
1.55
1.22
1.69
1.00
1.58
1.65
1.66
1.20
1.25
1.74
1.63
0.50
2.00
1.60
0.63
1.70
1.05
0.62
1.41
1.08
1.42
1.51
1.15
0.72
1.25
1.00
1.44
1.19
1.79
1.54
0.55
1.72
1.34
0.62
1.28
1.19
1.44
1.14
1.54
0.97
1.30
1.29
1.14
1.21
0.83
1.38
0.52
0.97
0.63
1.60
0.62
1.00
1.28
1.51
0.94
0.80
1.10
0.85
1.25
1.28
1.86
1.05
1.96
1.63
1.64
0.96
0.60
1.30
0.66
1.93
1.81
0.75
0.59
1.47
1.18
1.05
1.79
1.14
1.42
1.71
0.92
0.60
1.03
1.22
0.92
0.90
1.69
1.52
1.78
1.00
1.93
1.63
1.62
1.57
0.69
1.67
1.92
1.85
0.67
0.65
1.23
1.34
1.37
1.69
0.57
0.61
1.43
1.67
1.38
0.60
1.52
1.18
0.97
1.78
1.16
0.71
1.17
1.99
1.09
1.77
0.82
0.98
1.20
0.56
1.12
0.77
1.39
1.51
1.57
1.45
0.68
1.78
0.57
1.18
0.56
1.31
1.64
1.50
1.97
1.44
1.76
1.46
1.51
0.95
1.94
0.90
1.61
0.92
0.62
1.21
1.85
0.92
1.15
0.67
1.56
1.35
0.73
1.42
0.81
0.99
1.60
1.15
1.35
0.52
1.23
1.07
1.80
0.87
1.73
1.00
1.62
1.52
1.61
1.76
1.90
1.42
1.15
1.12
1.15
1.80
1.16
0.91
1.39
0.79
1.68
1.11
1.38
0.55
1.65
1.09
0.91
0.89
0.53
0.88
1.50
1.83
0.76
0.96
1.05
1.59
0.69
1.17
0.73
0.52
1.26
0.88
1.24
0.98
1.64
1.94
1.34
1.57
1.80
0.62
1.12
1.14
0.85
1.09
1.45
1.93
0.85
1.66
0.76
1.14
1.48
1.87
1.06
1.12
0.83
1.20
0.92
1.14
1.92
0.95
1.72
1.59
0.94
1.70
1.35
0.93
1.74
1.87
1.75
0.55
1.27
0.97
1.61
0.88
0.79
0.89
0.60
1.98
1.05
1.43
0.65
1.59
1.46
1.51
1.04
0.56
1.84
0.76
0.52
1.26
1.44
1.28
1.32
0.94
0.98
1.37
1.91
1.85
1.10
1.93
1.63
1.29
1.69
0.96
1.02
1.28
0.81
1.64
0.79
0.87
1.26
1.82
1.33
0.63
0.91
1.45
1.35
0.71
1.78
1.30
1.47
1.94
1.56
0.91
1.18
0.88
1.42
0.66
1.48
0.68
0.71
1.57
1.61
1.42
0.81
0.51
1.90
1.31
1.79
1.63
1.82
1.55
1.19
0.92
1.96
1.13
0.61
1.34
1.62
1.09
0.78
1.25
1.47
0.88
0.81
0.77
1.05
1.26
1.12
1.64
2.00
0.89
1.26
0.89
1.41
1.12
0.87
2.00
1.55
1.19
0.92
1.88
1.27
1.85
1.74
0.66
0.79
1.68
1.36
1.35
0.79
0.73
1.03
1.77
0.63
0.96
1.28
1.95
1.35
1.65
1.84
1.09
1.04
1.39
1.84
1.16
1.91
1.43
1.68
1.24
0.53
0.73
0.69
0.61
1.32
1.11
2.00
1.20
0.60
0.53
0.87
0.96
1.90
0.84
1.89
1.59
0.73
0.61
1.00
1.40
1.67
1.45
1.17
1.92
2.00
0.88
1.00
1.63
1.54
1.97
0.74
0.53
1.07
1.27
1.82
1.70
1.28
0.70
1.00
0.94
1.04
1.37
1.73
0.96
0.82
1.42
1.29
0.78
1.80
0.55
1.35
1.78
1.08
1.48
1.37
1.92
0.99
1.44
1.33
1.92
1.86
0.80
1.63
0.74
1.20
0.66
1.21
0.76
0.72
0.89
1.62
1.94
1.61
1.22
1.58
0.80
1.65
1.41
0.64
0.71
1.02
0.61
1.59
1.72
1.54
0.71
0.53
0.67
1.82
0.63
1.73
1.38
1.17
0.58
1.47
1.09
1.94
1.76
0.63
0.57
0.90
1.55
1.23
0.52
1.47
1.55
1.15
1.37
0.82
0.69
1.82
0.77
1.02
1.43
0.87
1.20
1.26
0.56
0.75
1.31
1.49
1.01
1.65
0.82
1.49
0.77
1.95
1.08
0.90
1.05
1.48
1.43
0.79
1.00
1.93
1.41
1.94
1.62
1.45
0.64
1.13
1.72
1.05
0.67
0.93
1.34
1.27
1.25
1.33
1.91
0.57
1.28
1.31
1.25
1.96
1.92
1.89
1.96
1.98
0.73
1.26
1.96
1.14
1.99
1.40
0.62
0.58
0.76
1.44
0.72
1.46
1.30
1.44
0.87
1.44
0.85
1.17
1.39
0.60
1.00
1.13
0.51
1.24
0.94
1.09
1.92
1.82
1.34
1.98
1.59
1.38
1.14
1.39
0.91
1.69
0.76
0.96
0.77
1.93
1.29
1.99
1.78
0.56
0.84
0.80
1.75
1.79
1.45
1.76
0.59
0.64
1.06
0.63
1.85
1.33
0.96
1.96
0.93
1.39
0.57
1.58
0.90
0.66
1.87
1.91
1.50
1.53
1.13
0.96
1.75
1.79
1.06
1.88
1.90
1.27
1.42
1.91
1.02
0.63
1.57
1.34
1.50
1.66
1.71
1.92
1.17
0.64
0.84
1.44
0.91
1.01
1.73
1.47
1.16
0.80
1.07
1.05
0.52
1.61
0.69
1.24
1.43
0.95
0.69
1.17
1.55
0.94
1.77
1.09
1.61
1.04
0.60
1.57
1.48
1.22
0.94
1.24
1.04
0.98
1.46
1.14
1.02
1.11
1.20
1.41
1.30
0.77
1.17
0.74
1.02
1.03
1.33
1.44
1.12
1.48
1.07
1.52
0.53
1.74
1.63
1.98
1.94
1.92
0.58
1.32
1.77
1.27
1.61
0.55
1.13
0.74
1.37
1.37
1.51
1.20
0.77
0.88
0.58
0.96
1.77
1.22
1.09
1.48
0.52
1.22
1.98
1.57
1.49
1.82
1.95
1.90
1.77
0.65
0.57
1.54
0.82
1.83
1.85
1.30
1.55
0.60
1.64
1.13
2.00
1.53
1.10
1.40
1.56
1.86
1.04
1.75
1.02
1.70
0.68
1.91
1.62
0.66
0.75
1.27
1.96
0.90
1.73
1.68
1.46
1.12
