0.54
0.49
1.54
0.13
3.17
3.21
-4.35
4.53
-4.46
5.28
6.82
-2.09
-1.90
2.27
-2.80
-4.68
-0.47
6.81
0.41
3.76
6.80
4.93
4.89
2.80
0.42
-3.92
4.19
-3.76
-0.91
-2.82
6.98
2.73
4.02
3.47
1.99
6.99
4.26
3.23
-2.82
3.65
3.61
-0.68
-4.55
5.64
-4.55
0.34
-4.43
-4.66
4.05
1.70
2.43
1.50
4.58
4.58
2.84
2.02
6.20
-0.34
-0.26
5.35
-2.81
4.25
2.80
-0.79
2.67
3.76
2.69
-3.36
-4.50
2.51
1.93
6.33
2.34
5.22
2.23
-0.12
1.96
-2.15
6.39
0.65
-1.57
5.22
0.38
5.18
4.46
5.48
3.11
0.78
-3.81
-0.97
-2.45
-4.53
-3.22
-0.61
-3.80
5.79
-1.91
2.01
-1.66
5.60
-1.98
-1.76
1.74
-4.69
4.12
2.44
-0.40
-3.86
-4.51
2.52
2.46
4.79
2.43
0.07
-4.80
2.11
5.14
4.86
-2.03
-1.58
0.90
0.36
3.21
2.24
2.72
1.71
-0.19
3.35
2.17
-4.24
6.36
2.14
2.04
-2.61
-3.29
4.09
0.15
-0.05
1.25
-4.61
1.02
4.09
-4.89
-3.31
-3.96
-2.74
0.75
5.34
-2.32
4.21
-4.41
1.47
-1.90
-4.01
2.91
-0.29
-4.15
-1.88
-4.37
6.63
-4.72
2.99
-3.23
-0.91
3.83
4.90
-3.65
-1.71
0.09
1.56
6.45
5.69
3.45
4.20
5.23
0.59
-2.82
4.65
0.15
-4.80
-4.50
4.41
6.05
-0.99
2.34
1.32
0.61
0.96
0.45
-0.51
3.33
6.61
2.80
-3.14
1.13
3.61
6.46
2.08
-1.15
-3.81
-4.95
-3.76
3.58
1.58
-3.19
-3.05
-0.70
2.33
6.00
4.36
-0.93
5.95
-3.34
5.32
-2.29
4.72
4.89
-2.16
-4.66
3.41
3.33
-2.39
-3.98
5.00
3.05
-2.25
4.19
1.38
-3.28
4.99
4.26
6.56
-2.12
3.60
-4.76
-1.62
2.12
6.43
3.70
-3.39
-3.23
1.14
7.00
-2.39
-0.14
-3.43
4.19
1.17
-1.91
-3.13
-3.90
1.78
6.60
5.78
-1.36
6.42
5.50
-4.62
6.80
1.64
5.47
-3.26
-1.95
6.02
5.45
-0.31
-4.22
4.76
0.73
5.07
-4.19
0.77
-0.04
-1.38
2.05
-3.32
5.44
3.36
2.36
5.58
-4.58
6.07
-3.40
5.93
5.92
-4.91
4.18
-2.73
3.85
1.85
-3.59
1.81
-1.43
-1.15
2.43
3.23
0.72
2.44
-0.67
5.28
5.84
-1.67
-4.53
4.49
6.90
-3.93
-1.53
-3.46
-1.34
2.26
1.89
-1.47
-4.24
-2.49
3.92
1.93
-1.55
0.32
-0.87
1.51
5.41
-4.55
-1.00
4.95
-1.69
4.33
3.97
4.55
-4.93
6.58
-0.02
6.24
-3.78
0.99
4.33
0.27
6.64
6.37
-2.79
-2.83
-4.87
1.86
-4.22
-3.31
0.65
5.56
0.83
-1.96
-2.71
2.14
3.45
-1.79
4.79
1.94
-1.14
-2.49
-3.92
-3.58
5.40
1.18
4.49
5.04
-4.51
0.37
-4.90
-4.90
4.05
-3.91
-1.23
5.73
-4.41
3.35
0.45
6.21
4.16
0.47
-3.32
6.37
2.84
-4.66
-4.19
4.21
-1.14
5.98
6.26
-3.31
-4.81
2.46
-4.49
-3.75
0.04
4.73
2.79
-3.78
-1.83
-2.44
-0.55
-1.21
-3.43
3.84
-0.31
-4.43
1.20
6.51
3.07
4.63
3.51
5.97
4.81
-1.98
-0.83
5.11
-0.99
5.37
3.19
-4.00
5.97
-0.99
0.44
2.94
-3.08
-2.66
2.57
1.56
0.08
-1.69
1.28
4.02
5.07
4.27
-3.16
2.18
-2.74
1.68
6.22
3.29
6.35
0.39
-4.15
1.36
-4.80
6.65
-1.82
6.96
0.07
-2.71
-2.22
1.44
3.61
-1.93
-0.86
3.73
-0.96
-3.28
6.98
-1.48
0.06
-4.37
3.51
4.84
-1.80
3.66
-4.64
-4.60
6.54
-0.42
4.43
4.14
6.14
3.11
-0.82
6.19
6.58
4.24
-4.61
-2.63
6.41
0.50
-3.41
2.27
6.93
4.19
-2.82
4.14
-3.63
0.66
5.85
6.43
6.57
4.04
-2.99
6.12
2.80
5.01
-2.03
5.04
-2.24
-3.48
-3.71
-0.42
3.49
-1.57
5.82
6.22
3.28
-3.95
1.29
-3.93
1.98
2.00
4.11
-0.14
-3.21
-4.46
5.82
-4.22
1.81
-2.21
-0.49
5.89
-1.11
3.95
-0.62
-3.09
4.98
-4.78
-3.82
-0.14
6.94
0.80
5.49
-0.90
4.33
-2.00
-4.24
0.97
4.94
-4.15
-1.97
6.84
-2.53
-3.90
6.81
-2.48
5.57
3.58
5.52
5.23
1.70
0.91
-4.73
-3.34
-1.95
4.94
-0.96
-0.63
-1.62
6.73
3.84
5.20
5.66
-0.10
-2.95
4.83
-1.46
-1.71
1.06
-0.61
5.66
-4.37
-4.09
5.45
2.97
6.06
0.49
0.88
6.67
-3.79
-2.31
6.23
-0.88
-3.85
-4.99
2.48
3.31
0.38
2.40
1.78
-0.96
-4.83
-3.60
5.57
-3.02
5.74
0.54
-1.83
5.68
-0.61
-4.87
0.35
-1.69
-2.94
-4.73
-0.08
4.60
-3.80
1.23
-0.86
-4.43
-1.32
2.60
2.80
2.47
-2.19
1.37
3.96
2.23
2.92
6.26
1.74
-0.67
5.86
-1.15
3.59
-1.55
4.05
5.86
0.58
5.52
5.98
1.80
3.32
-4.89
0.02
-3.61
4.23
6.05
-1.93
-1.74
3.07
-4.72
-2.81
-2.86
1.37
4.62
-3.62
-4.13
-0.00
5.41
-1.54
3.15
-0.04
3.65
-4.65
6.94
-2.85
2.26
4.29
-4.73
2.83
-1.26
0.23
-3.26
4.51
1.44
-0.94
3.19
5.25
-4.09
3.80
5.84
5.27
6.28
6.81
-4.27
6.68
5.09
-3.08
4.31
-3.47
-0.40
3.15
6.52
-3.80
5.41
1.28
5.22
-1.41
1.08
-4.47
1.58
-0.65
6.64
-2.21
1.72
-2.79
3.47
2.55
-1.32
6.58
-4.44
6.79
0.44
4.27
4.49
6.32
4.84
-1.48
5.43
2.86
3.99
-3.68
0.08
-2.26
-1.46
6.53
0.51
6.49
4.14
2.69
-3.52
3.93
2.94
1.11
5.01
6.63
3.97
-2.88
-1.95
6.94
6.40
-3.36
0.72
3.58
-1.33
5.25
-4.13
1.22
-0.04
6.91
-0.98
-3.08
-4.67
-2.71
0.79
-1.04
-1.97
-3.65
-4.56
6.99
-2.67
4.82
1.38
-4.98
5.12
-0.06
3.54
-3.96
3.70
1.13
0.29
5.40
1.51
5.53
4.30
6.74
3.02
3.11
4.01
-1.05
-0.50
1.12
-2.03
6.62
6.52
2.27
2.13
-2.00
4.57
-1.60
6.16
3.39
-3.00
-0.30
