1.66
-0.96
-3.88
-1.81
-3.22
4.38
-1.49
6.41
-2.38
-3.38
3.74
-0.34
6.43
1.15
5.39
0.12
5.20
-4.22
1.67
2.87
2.38
4.44
6.72
2.61
0.22
0.25
0.54
-1.10
-1.94
-4.14
-3.28
0.07
-3.58
-0.14
-2.35
-2.54
-2.15
-2.91
2.67
-4.55
-1.05
3.14
3.57
1.33
6.45
6.00
-4.78
4.43
-3.31
2.50
-1.20
-1.86
-4.63
-0.16
4.05
0.81
-3.54
-1.93
2.82
4.77
-0.18
-3.12
-3.36
0.79
-2.65
4.01
2.50
1.84
-3.39
-4.50
1.39
-4.82
3.16
6.98
4.92
3.93
-2.16
2.64
-2.54
1.00
-1.22
0.96
-4.55
6.33
-4.89
1.30
-1.92
2.69
3.50
3.02
6.19
6.44
-1.53
5.21
4.68
6.69
-3.06
5.96
6.51
4.91
-4.04
5.92
-3.12
5.40
3.68
2.61
3.42
1.18
4.43
1.97
-2.65
2.45
4.53
0.46
-4.33
4.60
3.72
0.27
6.64
6.74
-2.84
4.84
0.59
2.90
-2.39
-2.85
-2.47
-3.20
-3.46
2.12
-0.39
6.25
5.94
1.66
2.66
5.05
6.54
-4.53
6.78
-0.80
-3.19
5.38
0.41
1.23
1.23
3.73
-4.31
-3.39
-4.12
-1.20
-4.92
0.66
3.94
-4.91
2.45
4.43
-4.60
5.18
4.98
-4.36
0.56
-4.51
0.73
-2.33
-1.70
-0.08
2.56
-1.04
2.87
-2.35
1.02
-2.38
-0.21
5.66
-2.73
5.73
3.37
-3.01
-2.02
5.16
-3.99
5.70
5.86
5.37
5.85
-3.80
0.86
-0.64
-1.36
2.11
1.68
2.55
0.78
6.49
1.51
-3.75
1.23
3.94
2.70
1.71
3.13
-4.51
4.88
-1.13
-0.46
2.92
6.09
5.45
2.44
-0.53
6.54
5.33
-1.94
-2.67
-4.11
1.74
-2.19
-3.57
1.30
-1.97
2.00
5.04
0.65
-2.96
1.04
-1.93
6.99
-0.30
2.28
-2.59
1.62
0.17
-4.23
1.43
6.40
3.27
-3.89
5.34
-4.36
-0.69
-3.21
-3.07
6.77
3.60
-3.63
6.53
-0.90
-3.91
4.01
3.02
2.47
3.85
6.14
-2.60
4.06
-1.54
-0.42
-3.30
-2.44
5.36
-3.98
6.62
-1.76
-2.14
1.80
2.38
-4.30
1.30
2.94
-0.36
1.70
6.14
0.56
1.92
1.57
-0.71
-0.98
1.89
3.82
2.25
-0.69
6.86
4.61
0.53
2.05
-4.96
-1.11
0.98
-3.38
1.65
0.38
3.64
-2.88
-3.06
5.32
-2.32
6.14
3.16
-4.59
1.98
0.16
-1.28
-3.92
5.97
-2.59
-4.74
-0.64
1.29
4.32
0.55
5.32
-1.00
-4.34
-3.98
4.32
-2.02
-0.03
6.29
4.54
-3.15
1.83
2.90
-0.73
1.53
-1.65
0.31
0.08
-2.13
2.90
0.63
1.84
-3.35
2.07
4.64
-1.41
3.25
5.92
5.38
-3.61
4.41
2.38
-4.96
-4.19
-4.49
-1.43
-1.70
3.08
4.28
4.04
-1.46
4.63
6.17
2.49
0.45
-1.74
5.76
1.25
4.22
-2.52
6.34
5.83
4.70
0.66
4.52
6.93
0.02
-0.06
3.86
-3.30
2.96
-0.61
1.89
0.79
-1.74
6.80
-4.03
-3.00
3.26
-4.51
0.40
6.49
0.92
-3.87
6.73
1.44
3.47
-1.73
0.71
2.39
3.30
-2.93
-4.19
-3.77
0.13
-2.52
-4.07
-1.30
4.46
1.48
-4.44
2.14
1.82
-0.80
-3.81
3.22
-2.33
1.65
-1.35
4.82
-0.47
-1.73
-1.46
3.14
2.41
-4.81
-4.97
4.10
-0.32
-3.41
-0.15
-2.94
1.03
-1.02
6.21
5.07
6.91
4.20
-3.57
-2.04
-4.27
6.77
1.80
6.82
4.08
-3.28
-4.94
-0.27
4.53
-3.51
4.28
-1.25
-0.85
-0.38
3.65
2.01
4.58
-3.68
0.57
3.76
5.50
2.11
-2.23
5.57
-0.57
-0.80
-1.59
1.61
4.44
3.23
3.54
-0.34
-3.92
3.11
1.74
-1.09
-1.22
-0.63
5.24
-1.39
-2.94
2.10
5.68
0.78
-1.26
2.57
5.73
1.44
0.54
-4.70
-2.34
3.40
4.29
6.13
5.68
-4.27
-4.93
-1.42
0.11
-3.36
5.59
1.75
4.80
-0.01
3.76
-4.60
4.53
-1.29
-0.90
5.86
1.24
6.14
2.40
-4.28
3.78
-0.78
-4.08
-3.27
-4.40
6.97
4.90
3.99
3.61
0.35
5.17
-2.86
-0.40
-1.74
-4.16
-2.07
0.82
-0.40
-1.32
2.01
-1.54
4.50
-1.73
-3.00
1.48
6.30
-2.99
5.24
6.53
6.28
5.29
4.24
-2.60
5.88
2.05
0.96
0.49
-3.38
3.43
-0.27
6.37
-4.18
0.63
0.71
4.33
4.68
-2.49
2.64
-1.40
-4.54
2.47
3.53
-1.75
0.09
3.10
3.19
2.48
5.86
3.73
4.41
-4.00
-3.56
2.69
3.80
-4.52
6.42
-2.56
-4.01
3.69
5.17
2.60
5.26
3.35
5.22
0.66
2.95
-1.32
2.95
-1.69
-4.49
5.05
-4.10
-3.01
5.09
5.05
0.35
2.12
3.14
5.23
4.78
0.88
-2.64
6.97
-3.71
2.61
4.15
5.14
4.48
4.00
1.13
5.62
4.09
-4.45
-0.75
-4.06
-3.36
5.69
-4.99
-1.06
-1.52
6.76
-1.37
2.48
-2.77
-2.04
-1.46
-0.82
4.43
3.12
-0.95
2.75
1.90
3.01
2.40
0.16
6.68
0.48
-1.64
4.44
0.68
0.60
-3.13
6.90
-4.45
0.69
6.76
-4.41
6.27
3.97
-1.36
-4.05
-1.99
5.03
6.89
6.03
3.85
5.00
-4.51
1.28
0.23
6.15
6.74
6.06
-1.32
1.67
5.32
-2.44
5.92
6.76
-1.17
2.48
-0.76
6.37
-1.01
-0.12
-2.05
4.53
-3.54
5.52
-0.93
0.50
-3.86
-2.54
-0.36
-0.02
-1.06
4.75
-0.76
1.11
-2.29
3.40
6.60
3.63
6.73
5.46
3.47
-3.55
3.53
1.36
1.85
-0.71
4.05
5.09
1.13
3.67
4.11
5.66
0.73
4.31
-3.46
4.96
2.82
5.50
3.87
5.81
6.33
6.18
-4.73
-4.99
1.43
1.58
2.62
-0.09
-4.40
-2.38
0.57
5.22
-0.11
-2.77
2.28
-2.18
2.97
1.66
-2.20
-3.01
1.44
-0.55
2.01
-4.58
-2.19
5.85
3.33
-0.46
1.60
-0.67
5.51
-4.81
-3.43
-3.25
-3.77
-3.12
4.80
6.55
6.80
4.23
1.73
-0.80
4.23
5.66
-2.56
4.31
-0.11
0.48
-3.03
-4.06
6.98
-4.76
-0.07
2.29
0.39
1.91
-1.82
3.56
5.28
6.28
-4.30
0.45
5.97
2.77
1.19
-2.07
-1.93
-1.42
6.96
5.01
-1.75
4.05
-1.20
3.04
-3.46
-4.68
-2.25
-3.06
3.15
-3.34
5.76
5.86
2.22
2.63
-0.54
-1.65
4.22
3.85
-3.17
-3.03
6.61
4.75
-2.62
-3.72
5.73
-1.61
2.39
1.23
5.83
5.40
0.28
3.96
5.08
-1.22
-2.11
1.30
6.52
-3.64
2.37
0.23
2.46
3.71
1.07
6.65
4.00
6.30
3.64
0.20
1.61
1.26
2.59
5.60
5.36
3.70
-1.95
-2.94
6.06
-1.63
2.40
-2.60
4.79
-4.70
2.60
-0.91
5.10
5.93
2.32
-1.55
-4.25
0.80
3.74
6.10
-1.24
4.88
-3.09
3.81
3.82
-3.67
-2.80
0.40
1.70
-4.65
1.65
-2.08
-2.07
-4.15
6.97
1.64
4.90
-3.94
-2.21
0.80
-2.98
-2.92
-0.45
3.98
1.04
0.59
0.03
2.46
1.77
1.67
-3.22
-0.36
-4.26
-2.30
-0.57
-1.42
5.07
4.82
5.15
6.12
4.73
-2.55
1.38
-1.69
0.71
6.54
-3.20
1.64
5.04
6.04
1.11
0.90
6.21
5.25
-0.53
-1.17
-2.78
1.63
6.95
-3.46
1.18
4.90
5.96
-4.46
-4.57
-3.14
3.35
3.08
2.40
6.30
6.26
-3.55
-0.51
-2.59
-0.70
0.38
-2.70
-0.72
4.84
4.16
1.27
-3.42
3.93
-2.56
1.15
4.90
2.00
0.99
1.57
-2.55
2.54
2.03
0.97
-3.82
-0.85
3.05
-1.22
6.78
1.19
-1.71
5.22
3.19
3.42
-4.14
-3.03
2.24
-0.61
-2.50
0.59
-3.96
5.77
4.94
0.99
4.26
-4.52
6.60
5.42
-3.01
-3.59
6.97
-0.79
4.59
4.13
0.39
2.27
6.10
-0.25
1.20
4.10
4.87
3.73
-1.21
-0.61
6.20
1.32
3.29
5.16
5.00
6.67
-2.83
2.94
2.84
-1.97
5.76
6.99
4.63
-3.29
6.05
6.82
4.85
3.34
1.77
5.89
-3.02
1.33
1.51
1.09
2.64
-4.85
-0.13
-1.80
-3.32
-0.38
-1.95
5.70
6.96
-4.53
-3.05
-2.14
6.75
5.38
-1.40
1.07
-3.22
-1.70
1.15
2.08
1.45
-2.36
