3664000.0
455500.0
1675000.0
338500.0
3709000.0
4640500.0
3484000.0
1360000.0
4204000.0
487000.0
1837000.0
1967500.0
4136500.0
3506500.0
2854000.0
4726000.0
2813500.0
3857500.0
707500.0
320500.0
1526500.0
3619000.0
4451500.0
3533500.0
109000.0
4100500.0
2876500.0
2251000.0
383500.0
1373500.0
4348000.0
3727000.0
874000.0
1333000.0
964000.0
4384000.0
4285000.0
2066500.0
1328500.0
2881000.0
4843000.0
176500.0
4946500.0
406000.0
2296000.0
2237500.0
3218500.0
3907000.0
4708000.0
158500.0
1729000.0
689500.0
2719000.0
1873000.0
2327500.0
2993500.0
4028500.0
262000.0
3875500.0
271000.0
3421000.0
3934000.0
527500.0
1513000.0
559000.0
4321000.0
1927000.0
3529000.0
1117000.0
4217500.0
982000.0
2107000.0
3781000.0
1985500.0
1931500.0
3542500.0
4348000.0
1940500.0
1279000.0
1387000.0
4100500.0
2701000.0
1193500.0
4240000.0
2075500.0
1328500.0
3758500.0
500500.0
2030500.0
3713500.0
4780000.0
2894500.0
1090000.0
3646000.0
721000.0
3592000.0
2228500.0
3304000.0
4658500.0
4091500.0
2602000.0
4964500.0
1823500.0
3556000.0
3223000.0
4546000.0
1657000.0
253000.0
2129500.0
3979000.0
3223000.0
1054000.0
1832500.0
4771000.0
766000.0
856000.0
2089000.0
3682000.0
3349000.0
2413000.0
2687500.0
4064500.0
752500.0
2246500.0
3412000.0
433000.0
3106000.0
4591000.0
3038500.0
2768500.0
4082500.0
3668500.0
3047500.0
1738000.0
649000.0
149500.0
2858500.0
4618000.0
271000.0
3803500.0
1508500.0
491500.0
3209500.0
3493000.0
2377000.0
3218500.0
3272500.0
874000.0
748000.0
923500.0
473500.0
2359000.0
3520000.0
3511000.0
4658500.0
608500.0
2192500.0
2476000.0
4573000.0
4348000.0
4172500.0
4055500.0
3133000.0
4015000.0
2129500.0
4249000.0
4942000.0
3142000.0
2786500.0
2818000.0
2921500.0
1558000.0
635500.0
3830500.0
518500.0
3718000.0
2593000.0
3614500.0
1468000.0
2197000.0
2548000.0
1423000.0
2336500.0
3218500.0
271000.0
2926000.0
1063000.0
676000.0
4024000.0
3245500.0
3740500.0
4330000.0
734500.0
491500.0
392500.0
1558000.0
919000.0
2980000.0
1643500.0
3601000.0
3452500.0
3848500.0
1067500.0
275500.0
3511000.0
4825000.0
3065500.0
694000.0
4883500.0
2737000.0
4190500.0
3128500.0
3083500.0
1153000.0
2368000.0
4744000.0
1463500.0
3515500.0
2030500.0
2575000.0
2188000.0
1067500.0
2206000.0
1706500.0
370000.0
3623500.0
1913500.0
3070000.0
4663000.0
1706500.0
149500.0
3056500.0
3322000.0
937000.0
2152000.0
3556000.0
2057500.0
811000.0
1567000.0
2066500.0
4339000.0
1522000.0
460000.0
2948500.0
253000.0
2215000.0
4127500.0
4145500.0
1787500.0
3380500.0
3277000.0
4996000.0
4910500.0
3020500.0
4690000.0
1886500.0
667000.0
3911500.0
1207000.0
1630000.0
1589500.0
1054000.0
3727000.0
194500.0
100000.0
3470500.0
1414000.0
4856500.0
1684000.0
3943000.0
3524500.0
1945000.0
2381500.0
2791000.0
257500.0
3641500.0
3515500.0
1189000.0
4483000.0
3205000.0
446500.0
4001500.0
109000.0
3061000.0
257500.0
347500.0
1684000.0
2687500.0
415000.0
3407500.0
3241000.0
1594000.0
3250000.0
176500.0
973000.0
4555000.0
181000.0
2287000.0
3466000.0
3142000.0
4586500.0
2282500.0
4636000.0
680500.0
1598500.0
4267000.0
1666000.0
2192500.0
190000.0
1985500.0
4321000.0
3947500.0
1229500.0
2210500.0
2408500.0
2309500.0
4681000.0
2251000.0
2813500.0
3740500.0
4055500.0
941500.0
4933000.0
379000.0
4321000.0
3776500.0
163000.0
104500.0
640000.0
4919500.0
1760500.0
4024000.0
2341000.0
2084500.0
2372500.0
3673000.0
2773000.0
1900000.0
2633500.0
3601000.0
3997000.0
3817000.0
4316500.0
127000.0
266500.0
3340000.0
2381500.0
1994500.0
2548000.0
4600000.0
4231000.0
1378000.0
487000.0
3151000.0
995500.0
1450000.0
4685500.0
3619000.0
122500.0
3407500.0
4384000.0
2525500.0
2264500.0
3619000.0
2818000.0
608500.0
3920500.0
1135000.0
3475000.0
131500.0
2219500.0
973000.0
3641500.0
3997000.0
1418500.0
3911500.0
2453500.0
2138500.0
4424500.0
617500.0
4874500.0
1202500.0
2228500.0
3718000.0
1427500.0
1621000.0
4856500.0
1436500.0
4946500.0
2431000.0
604000.0
4771000.0
4123000.0
4127500.0
523000.0
4217500.0
167500.0
1162000.0
1994500.0
217000.0
4051000.0
2093500.0
1463500.0
487000.0
4483000.0
2026000.0
518500.0
707500.0
3218500.0
829000.0
1270000.0
3709000.0
2822500.0
4564000.0
3623500.0
4501000.0
1553500.0
4055500.0
3826000.0
1868500.0
3880000.0
748000.0
671500.0
3097000.0
1207000.0
2525500.0
2800000.0
3448000.0
1981000.0
779500.0
4969000.0
2161000.0
730000.0
1049500.0
3164500.0
2534500.0
4748500.0
4955500.0
685000.0
4055500.0
190000.0
1823500.0
361000.0
131500.0
4978000.0
676000.0
4424500.0
1342000.0
3907000.0
2705500.0
1864000.0
1805500.0
1679500.0
266500.0
3677500.0
3029500.0
1571500.0
4919500.0
4541500.0
4879000.0
680500.0
1679500.0
2638000.0
2332000.0
3079000.0
3452500.0
3443500.0
473500.0
3493000.0
2543500.0
4303000.0
1472500.0
1900000.0
2287000.0
3754000.0
1216000.0
1805500.0
3146500.0
3839500.0
113500.0
4447000.0
2980000.0
748000.0
2147500.0
500500.0
4897000.0
2701000.0
365500.0
775000.0
4829500.0
1558000.0
824500.0
2831500.0
4078000.0
2242000.0
4253500.0
3718000.0
1571500.0
1535500.0
365500.0
2903500.0
2705500.0
1351000.0
3218500.0
1616500.0
1711000.0
4415500.0
3668500.0
1234000.0
181000.0
3673000.0
1738000.0
2309500.0
1207000.0
3695500.0
2458000.0
3943000.0
2561500.0
1481500.0
4609000.0
1027000.0
653500.0
2413000.0
1738000.0
3371500.0
194500.0
3124000.0
3907000.0
3776500.0
1157500.0
2638000.0
1247500.0
1846000.0
1472500.0
4019500.0
4136500.0
590500.0
4766500.0
2507500.0
248500.0
545500.0
1148500.0
1805500.0
2782000.0
2647000.0
3340000.0
4829500.0
2309500.0
2548000.0
2890000.0
3916000.0
694000.0
1369000.0
4609000.0
2674000.0
4397500.0
4537000.0
1558000.0
3178000.0
442000.0
3128500.0
3520000.0
4784500.0
4402000.0
3610000.0
590500.0
1319500.0
3092500.0
1927000.0
3223000.0
3686500.0
2170000.0
1868500.0
3493000.0
2120500.0
4753000.0
4739500.0
2867500.0
2534500.0
3848500.0
2377000.0
455500.0
1364500.0
4667500.0
3925000.0
4744000.0
1747000.0
928000.0
910000.0
3668500.0
3592000.0
1954000.0
4609000.0
3088000.0
3997000.0
2408500.0
1076500.0
1801000.0
4181500.0
3263500.0
4181500.0
1999000.0
3880000.0
491500.0
2840500.0
914500.0
3610000.0
2116000.0
3092500.0
3502000.0
2975500.0
995500.0
3317500.0
550000.0
1499500.0
2084500.0
158500.0
1558000.0
3745000.0
217000.0
2813500.0
2404000.0
3515500.0
1121500.0
4244500.0
4276000.0
3619000.0
361000.0
1351000.0
1342000.0
1607500.0
3515500.0
608500.0
3281500.0
4532500.0
2638000.0
1423000.0
3974500.0
1558000.0
3709000.0
4802500.0
3200500.0
3979000.0
3322000.0
4550500.0
887500.0
2804500.0
1418500.0
1715500.0
1238500.0
1594000.0
2588500.0
1247500.0
986500.0
334000.0
275500.0
2741500.0
2278000.0
3925000.0
248500.0
3502000.0
4249000.0
1180000.0
253000.0
3133000.0
3223000.0
3092500.0
4123000.0
550000.0
4001500.0
257500.0
541000.0
4433500.0
2953000.0
3700000.0
1630000.0
307000.0
1202500.0
2179000.0
550000.0
428500.0
3898000.0
2710000.0
4118500.0
370000.0
2696500.0
4195000.0
2008000.0
3394000.0
2966500.0
3412000.0
905500.0
2885500.0
2431000.0
4132000.0
3839500.0
4487500.0
1985500.0
1360000.0
4069000.0
3448000.0
2246500.0
1999000.0
851500.0
1085500.0
4280500.0
2102500.0
1594000.0
3565000.0
4663000.0
3070000.0
1864000.0
1711000.0
3493000.0
2030500.0
379000.0
2692000.0
1067500.0
3002500.0
4852000.0
406000.0
464500.0
1243000.0
4969000.0
712000.0
374500.0
3619000.0
2449000.0
847000.0
833500.0
3695500.0
982000.0
3952000.0
1513000.0
1976500.0
4105000.0
3160000.0
3808000.0
3317500.0
2170000.0
3560500.0
4613500.0
3619000.0
1999000.0
1355500.0
325000.0
271000.0
4744000.0
2611000.0
689500.0
4784500.0
2804500.0
370000.0
1918000.0
2831500.0
3227500.0
379000.0
667000.0
1999000.0
1027000.0
4870000.0
4708000.0
3601000.0
4969000.0
1841500.0
2129500.0
4010500.0
4721500.0
3880000.0
4735000.0
1432000.0
802000.0
1864000.0
2368000.0
455500.0
982000.0
3506500.0
523000.0
1351000.0
244000.0
4586500.0
4937500.0
2129500.0
2683000.0
433000.0
662500.0
1081000.0
2471500.0
752500.0
433000.0
820000.0
2143000.0
2242000.0
2606500.0
640000.0
2098000.0
2359000.0
4505500.0
2683000.0
3470500.0
4438000.0
4757500.0
4042000.0
2156500.0
775000.0
424000.0
3790000.0
4046500.0
2201500.0
4591000.0
4186000.0
1108000.0
4159000.0
964000.0
829000.0
1175500.0
3349000.0
1297000.0
797500.0
2377000.0
4199500.0
4600000.0
712000.0
4114000.0
2831500.0
1108000.0
212500.0
2201500.0
1864000.0
2440000.0
1477000.0
212500.0
3956500.0
4780000.0
1387000.0
649000.0
3682000.0
4199500.0
2084500.0
973000.0
473500.0
1562500.0
4883500.0
3947500.0
2152000.0
1468000.0
3128500.0
4321000.0
4559500.0
3308500.0
4388500.0
3227500.0
2687500.0
2174500.0
1238500.0
4757500.0
4609000.0
3992500.0
4136500.0
1090000.0
1594000.0
307000.0
2422000.0
2993500.0
2035000.0
1720000.0
4519000.0
3214000.0
3223000.0
1058500.0
1981000.0
2894500.0
3092500.0
3142000.0
1427500.0
4951000.0
4726000.0
3538000.0
2593000.0
3605500.0
3799000.0
1297000.0
3308500.0
4982500.0
1778500.0
3313000.0
3821500.0
2755000.0
2062000.0
2507500.0
2197000.0
3349000.0
1711000.0
4784500.0
4037500.0
1504000.0
4105000.0
3403000.0
1175500.0
4172500.0
2899000.0
3947500.0
4924000.0
2206000.0
1985500.0
3848500.0
469000.0
4001500.0
446500.0
730000.0
2354500.0
2665000.0
208000.0
3848500.0
698500.0
4874500.0
4172500.0
3619000.0
2615500.0
3209500.0
712000.0
833500.0
2768500.0
3259000.0
2471500.0
2368000.0
4906000.0
4753000.0
689500.0
941500.0
2237500.0
4694500.0
3137500.0
3907000.0
4618000.0
2782000.0
2386000.0
2408500.0
3844000.0
2516500.0
1553500.0
1517500.0
649000.0
4244500.0
4541500.0
3934000.0
3146500.0
2593000.0
4348000.0
928000.0
1283500.0
4474000.0
4591000.0
2309500.0
2899000.0
514000.0
3763000.0
1778500.0
4492000.0
2156500.0
4370500.0
2098000.0
3911500.0
2197000.0
766000.0
3344500.0
4919500.0
2440000.0
4604500.0
127000.0
1765000.0
2296000.0
2849500.0
2863000.0
3326500.0
1450000.0
4366000.0
496000.0
977500.0
1796500.0
460000.0
1765000.0
4222000.0
1009000.0
3394000.0
4996000.0
4253500.0
3695500.0
4681000.0
3808000.0
3857500.0
1805500.0
1427500.0
4298500.0
4613500.0
2755000.0
1990000.0
451000.0
2188000.0
1787500.0
1675000.0
1045000.0
2219500.0
1076500.0
1175500.0
1985500.0
293500.0
604000.0
2039500.0
4820500.0
1000000.0
2426500.0
3623500.0
3992500.0
4006000.0
2836000.0
2755000.0
712000.0
1868500.0
4870000.0
3209500.0
4033000.0
284500.0
1099000.0
586000.0
4568500.0
806500.0
1463500.0
4006000.0
