0.47
-1.91
-0.17
-1.93
1.98
4.84
-4.21
3.03
0.37
4.64
1.59
-2.19
3.87
-4.63
-4.74
-4.48
-3.40
0.05
-4.48
1.87
-3.13
5.83
-4.40
-2.34
4.14
6.55
3.24
-1.89
-2.77
1.09
2.20
0.77
-2.58
3.47
1.31
4.05
1.76
5.78
4.16
-0.82
5.03
5.17
4.35
2.19
0.18
-1.82
-2.81
1.93
-1.94
-1.04
-1.16
-1.94
6.69
0.37
-3.12
-2.31
0.61
-4.29
-2.24
3.50
-0.38
-0.41
0.12
5.01
1.58
1.75
0.60
3.60
-2.07
-0.79
-4.46
5.69
-2.46
2.78
-2.88
7.00
-4.60
5.43
4.82
-2.99
3.65
4.06
2.69
1.46
-3.14
-2.50
0.32
4.75
6.52
-2.74
0.15
3.08
2.83
1.10
2.51
1.13
2.56
1.28
1.89
4.21
1.45
-1.71
-2.57
1.37
3.71
-0.25
1.14
-4.47
6.43
-4.76
6.60
2.26
-4.50
6.41
-3.39
-3.98
4.46
5.97
-1.67
-1.10
0.47
-3.67
2.28
-2.20
-1.29
4.94
-2.36
0.75
4.02
-0.36
-1.61
0.53
6.92
-2.20
3.60
-3.59
-2.29
-4.91
2.85
-1.54
-3.29
5.43
-1.32
5.45
0.47
0.48
5.67
4.47
-2.66
-0.23
4.32
-0.14
-0.17
4.74
-1.31
-3.37
2.10
-0.10
5.70
6.16
-2.91
-3.21
2.26
-3.22
-2.75
-3.31
4.41
-4.23
4.95
3.73
6.03
6.76
4.15
2.51
-2.23
-0.89
4.91
-3.03
2.54
-1.85
6.09
-0.57
-0.71
4.88
-4.39
6.27
-4.83
0.72
0.06
1.96
5.00
3.32
-5.00
-2.86
1.02
-1.71
1.33
2.91
-1.52
-1.39
3.65
-4.10
6.62
-0.37
-3.68
4.93
6.73
-4.33
-4.32
2.67
-2.36
1.51
3.39
-4.13
1.74
1.31
0.19
0.73
-0.43
-0.18
3.55
1.29
0.75
0.51
-4.18
1.66
-3.69
4.08
-3.50
4.54
-0.95
3.51
-2.45
0.41
2.17
3.77
-0.81
-1.22
5.56
4.05
-3.80
6.34
-2.39
1.29
0.10
0.41
6.17
-1.52
6.75
-1.12
-0.72
3.28
-0.88
4.63
-1.69
2.97
0.11
4.24
2.53
-2.18
-0.55
1.97
-2.29
4.51
-1.61
0.10
4.44
-1.21
-4.36
-4.31
2.18
-3.29
0.59
-1.87
-2.03
4.32
-3.20
-4.13
-2.72
5.13
-1.86
-1.83
0.48
-4.20
-0.56
-4.80
-1.22
2.16
-4.80
-0.41
-3.87
0.78
1.51
0.03
-4.14
-3.86
-3.24
0.74
-2.76
-0.40
3.23
-3.48
3.65
2.29
-3.48
5.35
3.52
5.65
-4.37
-2.43
2.64
-1.89
-1.84
-0.40
-4.16
-0.61
1.61
-2.40
-1.81
-4.07
-0.28
-4.84
-0.55
5.07
-4.46
-2.28
6.64
6.42
-1.54
1.06
2.76
1.46
3.49
2.29
4.23
-1.18
-2.00
-4.31
3.04
6.54
4.81
1.19
-0.89
4.79
-2.52
3.40
4.06
2.06
-0.87
-0.64
6.65
5.94
5.29
0.51
1.16
-1.34
3.84
0.78
6.87
-0.94
-1.88
-2.74
3.22
-2.56
3.55
-0.71
3.36
2.53
-3.99
-3.86
-4.76
4.18
-2.96
6.83
0.49
2.96
-4.72
2.47
0.96
1.17
-3.87
1.79
3.44
3.51
4.83
-2.38
4.23
-2.24
1.06
0.54
2.31
1.53
5.71
5.05
4.37
3.75
3.23
-4.77
-2.23
6.08
-4.82
3.71
-4.94
1.95
4.91
4.41
4.83
-3.81
0.91
2.69
-1.74
0.60
2.17
5.19
1.74
0.67
4.09
1.54
5.42
-3.25
-0.78
1.97
-4.95
4.48
-0.26
-0.04
0.38
3.14
6.63
-0.70
4.23
2.13
6.68
-0.62
-4.13
-2.02
-4.36
0.08
1.04
-1.92
-0.95
1.59
-1.76
0.07
-4.64
-3.90
-4.20
6.50
2.26
-3.40
5.35
-1.00
-1.59
5.57
-4.50
5.06
-1.75
4.27
-2.99
6.52
6.05
-0.73
1.84
-0.13
0.18
-3.23
4.23
6.14
6.13
5.43
-4.54
-1.10
1.03
4.74
5.90
5.64
-2.85
5.98
0.89
-3.43
-0.16
3.44
5.09
1.38
-3.29
3.42
-0.12
4.02
0.26
-1.01
6.32
-3.81
-1.97
2.87
-2.17
3.07
0.12
-2.20
2.46
-3.73
5.18
-1.00
-3.19
-4.32
1.01
1.09
-0.54
-3.17
0.95
5.14
-1.96
-2.99
-4.19
-3.35
-0.48
-0.51
1.87
-1.95
4.90
5.25
-2.25
-3.71
2.65
4.06
0.91
4.71
-0.41
2.17
-0.70
-4.86
4.52
-4.54
6.49
-0.73
-4.96
6.10
3.85
1.63
-1.05
1.89
2.86
2.17
5.16
3.58
1.15
-3.01
-0.44
0.46
-1.53
4.73
-1.03
4.49
-2.04
2.77
-3.05
-4.75
2.19
-1.25
4.61
-4.74
2.53
-2.33
-2.77
2.75
2.36
-2.05
-4.00
5.02
4.91
-3.31
0.22
2.90
0.25
2.17
4.18
1.43
0.58
2.36
-1.33
4.19
6.18
-1.17
-3.19
-1.62
3.78
5.63
-1.55
0.49
-3.69
0.40
-4.74
-1.46
-1.98
1.14
-1.92
-2.69
-2.46
-2.01
4.74
0.84
3.95
1.70
6.05
1.86
6.35
-0.61
-2.80
-2.78
2.26
1.67
1.21
5.07
6.69
-1.06
-1.86
2.02
-3.87
-0.86
-2.12
4.28
2.79
5.12
-0.71
3.36
-0.81
-2.42
-4.20
1.97
-2.11
6.69
0.05
5.60
6.77
-1.73
-1.27
0.98
3.74
-0.75
0.56
-4.99
2.73
-0.96
-0.42
-2.59
2.57
-3.13
2.63
2.88
1.43
-0.09
5.21
6.75
0.74
-3.21
1.47
-4.10
5.35
3.40
-1.43
0.15
1.90
-1.23
-1.75
-1.90
0.42
6.23
5.84
-0.93
-0.29
3.70
-1.29
3.80
-2.64
3.47
-0.72
2.73
0.59
1.59
5.72
-2.48
-2.55
0.10
-2.24
3.24
-2.87
-0.43
0.95
4.84
5.21
-0.47
5.92
-3.27
1.83
5.64
-0.36
-0.26
3.40
5.63
2.88
6.85
-1.88
4.84
6.01
3.85
5.30
-2.33
0.90
-4.86
2.68
4.61
-0.04
2.23
4.99
-3.21
4.95
3.33
1.08
0.92
6.84
-1.11
-2.79
-3.64
4.87
0.35
6.89
-4.20
2.35
-2.17
0.78
-3.18
-0.57
1.70
3.28
-1.81
0.27
-0.66
-2.44
1.75
6.22
-4.29
3.42
6.55
1.93
-0.08
5.76
0.58
3.35
6.74
6.42
-3.45
-0.65
-1.70
-2.11
-3.20
-0.85
-0.00
4.11
-2.87
3.47
0.99
2.01
5.32
3.49
5.66
5.39
-4.05
3.35
0.01
2.25
4.32
4.65
4.61
-0.28
-2.16
1.76
-2.81
2.14
-3.71
1.25
1.59
1.89
2.40
-4.99
4.99
