0.66
-0.53
0.56
-0.56
0.43
0.07
-0.71
0.56
0.70
-0.65
-0.16
0.61
0.06
-0.73
-0.60
-0.13
-0.06
0.77
-0.22
-0.02
0.55
0.47
0.51
0.26
-0.43
0.24
0.44
-0.30
-0.18
0.43
-0.68
0.40
-0.46
-0.12
0.08
0.43
0.03
0.03
-0.69
0.09
0.68
-0.31
-0.13
-0.07
0.22
0.44
0.11
0.30
-0.50
-0.59
-0.03
-0.15
0.43
0.22
0.43
0.67
-0.56
0.25
0.30
-0.32
-0.62
0.64
0.39
0.80
0.04
0.68
0.09
-0.80
0.36
0.11
-0.46
0.21
0.39
0.67
-0.07
0.56
0.10
0.08
0.58
-0.38
-0.71
0.67
-0.60
-0.67
-0.26
0.69
-0.45
0.76
-0.09
-0.09
-0.39
-0.56
0.60
0.07
-0.20
-0.71
0.44
0.57
0.47
0.23
0.28
0.58
0.65
-0.53
0.75
-0.06
0.60
-0.30
0.45
-0.72
0.23
-0.06
0.29
0.58
0.03
-0.45
0.58
-0.22
-0.09
-0.11
0.46
-0.27
0.22
-0.58
0.11
-0.29
0.30
0.13
-0.62
-0.77
-0.65
0.27
-0.73
0.05
-0.76
-0.58
0.79
-0.25
0.55
0.01
-0.47
-0.68
-0.15
-0.07
-0.80
0.70
0.39
0.21
-0.33
0.21
-0.18
-0.50
-0.32
0.04
-0.74
-0.27
-0.15
0.61
-0.50
-0.76
-0.59
-0.68
0.11
0.59
0.33
-0.24
0.05
0.74
0.76
0.39
-0.69
0.08
-0.79
-0.25
-0.26
0.52
-0.06
0.75
-0.58
0.74
-0.73
0.73
-0.37
-0.31
-0.02
-0.59
0.23
0.51
0.47
0.11
-0.06
-0.24
0.38
-0.24
0.29
-0.44
0.23
0.69
-0.45
-0.02
0.51
0.72
-0.28
0.17
0.59
-0.13
0.52
0.60
-0.30
-0.26
0.32
0.04
-0.03
-0.04
0.18
0.27
-0.74
-0.35
0.35
0.02
-0.60
-0.27
-0.68
0.20
-0.37
0.50
-0.33
0.34
-0.20
-0.62
0.45
-0.10
0.58
-0.55
-0.17
0.77
-0.55
-0.42
0.64
-0.59
0.21
0.78
-0.25
0.14
-0.53
-0.60
-0.29
0.40
0.38
-0.38
-0.58
0.48
-0.66
0.13
-0.04
-0.57
0.15
-0.20
-0.05
-0.61
0.13
0.34
-0.69
0.51
0.30
-0.06
0.44
0.30
-0.33
0.63
0.20
-0.58
-0.68
-0.39
0.40
0.38
-0.44
0.77
0.55
0.50
0.16
0.06
0.53
-0.60
0.56
0.69
0.22
-0.44
0.73
0.69
-0.33
0.11
-0.33
0.73
0.31
0.57
0.34
-0.72
0.09
-0.12
-0.40
-0.74
-0.34
-0.16
0.23
0.23
-0.71
0.54
-0.38
-0.56
-0.14
0.44
0.15
-0.31
-0.52
0.51
-0.15
-0.62
-0.19
0.30
0.41
-0.45
0.56
0.67
0.56
0.30
-0.27
-0.45
-0.55
0.74
0.68
-0.02
0.08
0.16
0.08
-0.19
0.07
0.15
-0.05
-0.07
0.68
0.72
-0.63
0.40
0.39
0.49
0.10
0.46
-0.28
-0.73
-0.66
0.59
0.30
0.44
-0.36
-0.50
0.59
0.18
0.06
0.67
-0.55
0.32
-0.39
0.23
0.21
0.74
0.48
-0.31
-0.28
-0.27
-0.15
0.66
-0.56
-0.15
-0.26
0.77
0.65
0.54
0.56
0.47
-0.60
0.18
-0.21
-0.70
-0.02
0.72
0.14
-0.53
0.10
-0.32
0.00
-0.03
0.33
-0.67
0.45
0.71
-0.33
-0.78
-0.15
-0.21
0.76
0.59
0.28
0.08
-0.36
0.04
-0.70
-0.67
-0.19
-0.08
-0.09
-0.65
-0.56
-0.66
-0.17
-0.70
0.24
0.61
0.07
0.25
0.48
-0.51
0.58
-0.05
-0.48
-0.36
-0.74
-0.35
0.47
-0.06
-0.15
-0.56
0.26
-0.52
-0.15
0.13
-0.80
-0.03
0.12
0.19
0.40
-0.73
0.17
0.42
-0.35
0.24
-0.35
-0.42
-0.47
-0.50
0.20
-0.25
-0.71
-0.36
-0.38
-0.56
-0.63
0.26
0.40
0.68
0.70
-0.70
-0.59
0.31
-0.35
-0.40
0.26
-0.60
-0.40
0.33
-0.01
-0.45
0.45
0.77
0.53
0.60
0.52
-0.01
0.20
-0.37
0.39
0.07
-0.19
0.63
-0.58
-0.13
0.18
-0.68
-0.28
-0.35
-0.11
-0.55
-0.80
-0.47
-0.58
0.52
-0.66
0.05
-0.44
-0.30
0.76
0.48
0.41
0.05
0.61
-0.30
-0.29
-0.51
0.26
0.57
0.73
0.40
0.11
0.42
0.21
-0.76
-0.40
0.52
0.55
-0.63
0.44
0.71
-0.04
0.08
0.29
0.04
0.59
-0.27
-0.13
-0.61
-0.80
-0.71
0.80
-0.55
-0.33
-0.72
0.66
0.04
-0.47
-0.62
-0.27
0.37
-0.50
-0.47
0.14
0.07
-0.63
-0.05
0.38
-0.47
-0.62
-0.02
-0.49
0.25
0.46
0.56
0.03
-0.72
-0.38
0.57
0.54
0.34
-0.19
0.50
-0.39
0.56
-0.09
-0.56
0.16
-0.31
-0.45
-0.57
-0.64
-0.72
-0.22
-0.36
-0.25
0.36
-0.79
-0.41
-0.02
-0.45
-0.40
-0.75
-0.32
0.14
0.02
0.79
0.69
-0.58
0.44
-0.06
0.69
0.39
0.05
0.41
0.45
0.72
0.06
-0.47
-0.09
-0.72
0.43
-0.77
-0.53
-0.04
0.58
-0.61
0.22
0.44
-0.18
0.78
-0.04
0.41
0.02
-0.47
0.72
-0.08
-0.49
-0.46
-0.12
0.29
-0.80
0.39
-0.53
0.46
-0.20
0.11
0.61
0.75
-0.57
-0.21
0.48
-0.23
-0.17
-0.57
0.01
0.01
-0.78
0.57
0.20
-0.80
-0.61
0.41
0.00
-0.66
-0.27
-0.79
-0.62
0.36
-0.19
-0.79
-0.48
0.38
0.35
-0.38
-0.41
-0.48
0.17
0.42
-0.40
0.60
-0.12
0.29
0.64
-0.79
0.25
0.68
-0.23
0.00
-0.69
0.60
-0.15
-0.29
-0.72
0.63
0.04
0.18
-0.56
-0.50
0.66
-0.66
-0.15
-0.35
0.41
0.32
-0.21
0.02
-0.08
0.35
0.62
-0.01
0.08
0.54
0.76
-0.29
0.30
0.65
0.19
0.01
-0.18
0.56
-0.28
-0.63
-0.48
-0.58
0.42
0.13
-0.25
-0.01
-0.37
0.76
-0.41
-0.18
0.76
0.42
0.58
0.39
0.51
0.66
-0.67
-0.17
0.16
-0.73
0.46
0.72
-0.79
-0.79
-0.56
0.52
-0.49
0.72
0.69
-0.51
0.08
0.14
0.09
0.59
-0.60
-0.54
0.64
-0.18
-0.75
-0.43
-0.48
0.17
-0.72
-0.52
-0.46
0.13
0.26
-0.69
0.17
-0.58
0.22
-0.61
-0.01
-0.04
0.64
0.43
0.63
-0.48
0.73
0.45
-0.34
0.68
0.50
-0.36
0.45
0.56
-0.43
0.09
0.56
-0.11
-0.45
0.52
-0.51
0.47
0.63
0.24
-0.44
-0.49
0.67
-0.38
