1149000.0
1036000.0
2357000.0
2541000.0
2988000.0
3003000.0
1496000.0
390000.0
353000.0
1983000.0
596000.0
1023000.0
1842000.0
656000.0
654000.0
2951000.0
4660000.0
2245000.0
3492000.0
1143000.0
3538000.0
3609000.0
686000.0
789000.0
2570000.0
2034000.0
738000.0
3195000.0
4411000.0
1015000.0
1904000.0
2714000.0
2245000.0
4921000.0
2865000.0
2168000.0
776000.0
4551000.0
2337000.0
4206000.0
4789000.0
4752000.0
1402000.0
157000.0
4493000.0
3372000.0
2970000.0
344000.0
4344000.0
4611000.0
1161000.0
2889000.0
3258000.0
4651000.0
4233000.0
4735000.0
1725000.0
313000.0
2299000.0
2755000.0
4480000.0
1259000.0
3979000.0
761000.0
1724000.0
3402000.0
2634000.0
285000.0
1189000.0
2240000.0
1774000.0
4156000.0
1212000.0
3739000.0
4227000.0
2377000.0
1162000.0
608000.0
2604000.0
296000.0
3873000.0
4776000.0
1641000.0
2376000.0
4247000.0
4292000.0
2655000.0
2230000.0
3868000.0
114000.0
322000.0
433000.0
2495000.0
3816000.0
2905000.0
1909000.0
4736000.0
1775000.0
4288000.0
1549000.0
221000.0
4409000.0
1115000.0
1372000.0
4139000.0
2769000.0
2876000.0
3281000.0
1171000.0
3271000.0
1832000.0
817000.0
4472000.0
3499000.0
4575000.0
939000.0
2327000.0
2880000.0
1754000.0
1326000.0
1549000.0
1209000.0
773000.0
4537000.0
2117000.0
2389000.0
4249000.0
4393000.0
4411000.0
2462000.0
3243000.0
852000.0
2503000.0
894000.0
2797000.0
230000.0
4235000.0
1277000.0
1296000.0
2349000.0
2832000.0
1158000.0
924000.0
1292000.0
539000.0
2678000.0
2269000.0
3584000.0
462000.0
284000.0
1043000.0
1381000.0
2565000.0
4170000.0
1411000.0
4642000.0
2585000.0
3504000.0
2249000.0
479000.0
1823000.0
2799000.0
4171000.0
4339000.0
979000.0
4483000.0
2236000.0
4499000.0
4697000.0
1997000.0
4398000.0
2207000.0
4555000.0
1883000.0
2764000.0
3676000.0
1920000.0
2740000.0
939000.0
1152000.0
2262000.0
2108000.0
1360000.0
4395000.0
3549000.0
4111000.0
4368000.0
4113000.0
2756000.0
1193000.0
4870000.0
2857000.0
530000.0
1809000.0
3868000.0
3830000.0
1444000.0
3143000.0
4985000.0
497000.0
2756000.0
4087000.0
1679000.0
3630000.0
1278000.0
2226000.0
4304000.0
2143000.0
2208000.0
1723000.0
3314000.0
1969000.0
2479000.0
2607000.0
1990000.0
4518000.0
3486000.0
3270000.0
125000.0
2465000.0
841000.0
2828000.0
2018000.0
3011000.0
4833000.0
2145000.0
3765000.0
3899000.0
3725000.0
1563000.0
1137000.0
3166000.0
2982000.0
4788000.0
120000.0
3186000.0
2014000.0
1158000.0
139000.0
1041000.0
320000.0
188000.0
3526000.0
3367000.0
4112000.0
2782000.0
3891000.0
3199000.0
592000.0
2855000.0
2605000.0
2684000.0
1396000.0
1103000.0
1218000.0
4177000.0
1372000.0
2133000.0
1230000.0
1969000.0
2248000.0
1789000.0
828000.0
3404000.0
3431000.0
4577000.0
3392000.0
3805000.0
4196000.0
1423000.0
1105000.0
944000.0
1752000.0
2407000.0
4617000.0
4521000.0
4810000.0
4143000.0
3722000.0
3890000.0
2674000.0
3531000.0
1108000.0
3645000.0
1843000.0
301000.0
1801000.0
4235000.0
1282000.0
4015000.0
431000.0
4151000.0
3222000.0
4186000.0
2906000.0
636000.0
1434000.0
752000.0
644000.0
894000.0
1404000.0
2974000.0
3588000.0
1520000.0
389000.0
355000.0
3881000.0
4201000.0
3836000.0
684000.0
3140000.0
745000.0
1767000.0
902000.0
4054000.0
4005000.0
133000.0
4986000.0
2828000.0
1595000.0
167000.0
4590000.0
2963000.0
3379000.0
795000.0
2448000.0
1885000.0
1853000.0
4030000.0
1095000.0
2015000.0
3621000.0
3927000.0
548000.0
1530000.0
3950000.0
3987000.0
4973000.0
444000.0
1979000.0
1851000.0
1056000.0
2532000.0
3629000.0
633000.0
1036000.0
984000.0
3424000.0
584000.0
1497000.0
4705000.0
1933000.0
1152000.0
4127000.0
3914000.0
2067000.0
2897000.0
2728000.0
4390000.0
1260000.0
3190000.0
4419000.0
2735000.0
3856000.0
2889000.0
3858000.0
4352000.0
4494000.0
3898000.0
2893000.0
3925000.0
3070000.0
3993000.0
4987000.0
1668000.0
2030000.0
422000.0
4059000.0
2082000.0
674000.0
165000.0
3796000.0
3228000.0
1546000.0
4806000.0
3165000.0
4786000.0
4454000.0
1729000.0
3200000.0
2367000.0
4933000.0
3707000.0
986000.0
3062000.0
845000.0
4265000.0
289000.0
2757000.0
1543000.0
1430000.0
4802000.0
632000.0
2222000.0
1662000.0
1283000.0
4774000.0
3509000.0
4095000.0
2216000.0
2073000.0
3443000.0
3702000.0
2229000.0
4940000.0
3131000.0
3146000.0
4589000.0
3501000.0
4802000.0
2313000.0
4876000.0
2934000.0
2066000.0
3023000.0
1141000.0
3657000.0
2078000.0
850000.0
4472000.0
4258000.0
2288000.0
2045000.0
3070000.0
3397000.0
1042000.0
4171000.0
4483000.0
2839000.0
4152000.0
2759000.0
455000.0
4940000.0
4838000.0
970000.0
4562000.0
4277000.0
4823000.0
827000.0
1855000.0
3093000.0
2257000.0
127000.0
1765000.0
101000.0
4959000.0
3399000.0
1818000.0
2921000.0
1072000.0
4553000.0
2009000.0
372000.0
566000.0
896000.0
648000.0
855000.0
3002000.0
2729000.0
3992000.0
3937000.0
1136000.0
614000.0
2840000.0
3451000.0
1936000.0
3476000.0
719000.0
2574000.0
3122000.0
2667000.0
3354000.0
213000.0
898000.0
1865000.0
3676000.0
2044000.0
497000.0
1422000.0
3867000.0
1881000.0
3485000.0
4758000.0
1256000.0
3182000.0
310000.0
2373000.0
3350000.0
1012000.0
4654000.0
3007000.0
1948000.0
1436000.0
3266000.0
3519000.0
2642000.0
4844000.0
1859000.0
1070000.0
1171000.0
3372000.0
3643000.0
1385000.0
1515000.0
2338000.0
4705000.0
2560000.0
2824000.0
3368000.0
2387000.0
1859000.0
3909000.0
3306000.0
1791000.0
3293000.0
4513000.0
3478000.0
1006000.0
2107000.0
585000.0
1071000.0
3426000.0
4706000.0
3488000.0
1431000.0
4382000.0
359000.0
633000.0
1927000.0
602000.0
4638000.0
2962000.0
3950000.0
551000.0
714000.0
2675000.0
2002000.0
2563000.0
2873000.0
1599000.0
1519000.0
560000.0
1577000.0
3565000.0
2164000.0
3664000.0
4071000.0
3274000.0
1517000.0
1891000.0
586000.0
611000.0
2998000.0
2067000.0
4641000.0
2740000.0
2354000.0
3436000.0
4755000.0
1379000.0
501000.0
3105000.0
739000.0
4318000.0
2767000.0
2397000.0
4435000.0
2686000.0
2182000.0
1471000.0
2407000.0
4545000.0
1777000.0
4372000.0
3119000.0
2133000.0
4057000.0
1262000.0
2404000.0
4870000.0
4458000.0
3974000.0
3020000.0
2858000.0
4310000.0
2024000.0
894000.0
584000.0
1693000.0
3756000.0
2903000.0
4548000.0
1728000.0
3171000.0
2685000.0
1792000.0
1280000.0
3627000.0
4328000.0
565000.0
1263000.0
1842000.0
2904000.0
1922000.0
3333000.0
4138000.0
246000.0
331000.0
2912000.0
1310000.0
4045000.0
956000.0
655000.0
1726000.0
763000.0
1480000.0
1973000.0
3897000.0
1189000.0
1710000.0
3273000.0
1772000.0
1883000.0
2294000.0
1902000.0
444000.0
4549000.0
3806000.0
4126000.0
2952000.0
3464000.0
2784000.0
3535000.0
730000.0
4631000.0
1165000.0
2290000.0
1140000.0
4871000.0
312000.0
3069000.0
3779000.0
2813000.0
985000.0
2955000.0
122000.0
2463000.0
4316000.0
4492000.0
4948000.0
1880000.0
2991000.0
2722000.0
2029000.0
4402000.0
4801000.0
659000.0
1396000.0
3595000.0
586000.0
1324000.0
2639000.0
4030000.0
397000.0
4181000.0
1182000.0
2862000.0
2011000.0
573000.0
2202000.0
158000.0
3365000.0
1686000.0
1954000.0
1369000.0
3195000.0
196000.0
304000.0
652000.0
3953000.0
3774000.0
1734000.0
4254000.0
1403000.0
3286000.0
694000.0
4971000.0
1342000.0
2880000.0
1205000.0
4232000.0
4478000.0
3398000.0
4649000.0
4278000.0
2078000.0
3523000.0
4845000.0
3739000.0
1105000.0
3100000.0
1978000.0
3366000.0
470000.0
4081000.0
4255000.0
1706000.0
2426000.0
393000.0
1760000.0
2569000.0
4201000.0
1893000.0
1194000.0
721000.0
3000000.0
1987000.0
2975000.0
4655000.0
1240000.0
3852000.0
3541000.0
3008000.0
1861000.0
3366000.0
2807000.0
321000.0
1540000.0
3576000.0
4505000.0
740000.0
1410000.0
2411000.0
3134000.0
2547000.0
2637000.0
992000.0
2436000.0
4638000.0
652000.0
4094000.0
2757000.0
4268000.0
4829000.0
1641000.0
2447000.0
3872000.0
1558000.0
557000.0
1650000.0
3167000.0
3007000.0
3645000.0
3771000.0
2055000.0
1280000.0
106000.0
2252000.0
640000.0
2030000.0
1151000.0
1265000.0
4788000.0
471000.0
3895000.0
4144000.0
1750000.0
3840000.0
388000.0
2125000.0
349000.0
1228000.0
737000.0
3478000.0
